 3.00652  2.38351  2.80140
 3.00652  2.38351  2.80140
 3.00652  2.38351  2.80140
 3.27667 -3.89968  3.48180
 3.00652  2.38351  2.80140
-3.00651 -3.89968  3.48180
 3.00652  2.38351  2.80140
 3.00652  2.38351  2.80140
 3.00652  2.38351  2.80140
 3.00652  2.38351  2.80140
 3.00652  2.38351  2.80140
 3.00652  2.38351  2.80140
 3.00652  2.38351  2.80140
 3.00652  2.38351  2.80140
 3.00652  2.38351  2.80140
-3.00651 -3.89968  3.48180
 3.00652  2.38351  2.80140
 3.00652  2.38351  2.80140
 3.00652  2.38351  2.80140
 3.00652  2.38351  2.80140
 3.00652  2.38351  2.80140
 3.00652  2.38351  2.80140
 3.00652  2.38351  2.80140
 3.00652  2.38351  2.80140
 3.27667  2.38349 -3.48181
-3.27666  2.38351  2.80140
 3.00652  2.38351  2.80140
 3.27667 -3.89968  3.48180
 3.00652  2.38351  2.80140
 3.00652  2.38351  2.80140
 3.00652  2.38351  2.80140
 3.00652  2.38351  2.80140
 3.00653  2.38350  2.80139
 3.00653  2.38350  2.80139
-3.00651 -3.89969  3.48179
 3.00653  2.38350  2.80139
 3.00653  2.38350  2.80139
 3.00653  2.38350  2.80139
 3.00653  2.38350  2.80139
 3.00653  2.38350  2.80139
 3.00653  2.38350  2.80139
 3.00653  2.38350  2.80139
 3.00653  2.38350  2.80139
 3.00653  2.38350  2.80139
 3.00653  2.38350  2.80139
 3.00653  2.38350  2.80139
 3.00653  2.38350  2.80139
-3.00652  2.38350 -3.48179
 3.00653  2.38350  2.80139
 3.00653  2.38350  2.80139
 3.00653  2.38350  2.80139
 3.00653  2.38350  2.80139
 3.00653  2.38350  2.80139
 3.27667 -3.89969  3.48179
 3.00653  2.38350  2.80139
 3.00653  2.38350  2.80139
 3.00653  2.38350  2.80139
-3.00652  2.38350 -3.48179
 3.00653  2.38350  2.80139
 3.00653  2.38350  2.80139
 3.00653  2.38350  2.80139
 3.00653  2.38350  2.80139
-3.27666  2.38350  2.80139
 3.00653  2.38350  2.80139
 3.00652 -3.89968 -2.80140
 3.00653  2.38350  2.80140
 3.00653  2.38350  2.80140
-3.00651 -3.89970  3.48181
 3.00653  2.38350  2.80140
 3.00653  2.38350  2.80140
 3.00653  2.38350  2.80140
 3.00653  2.38350  2.80140
 3.00653  2.38350  2.80140
 3.00653  2.38350  2.80140
 3.00653  2.38350  2.80140
 3.00653  2.38350  2.80140
 3.00653  2.38350  2.80140
-3.27666  2.38350  2.80140
 3.00653  2.38350  2.80140
-3.00651 -3.89970  3.48181
 3.27666  2.38351 -3.48180
 3.00653  2.38350  2.80140
 3.27666  2.38351 -3.48180
 3.00653  2.38350  2.80140
-3.27666  2.38350  2.80140
 3.27668 -3.89970  3.48181
 3.00653  2.38350  2.80140
 3.00653  2.38350  2.80140
 3.00653  2.38350  2.80140
 3.00653  2.38350  2.80140
 3.00653  2.38350  2.80140
 3.00653  2.38350  2.80140
-3.00651 -3.89970  3.48181
 3.00653  2.38350  2.80140
 3.00653  2.38350  2.80140
 3.00653  2.38350  2.80140
 3.00653  2.38350  2.80140
 3.00653  2.38350  2.80140
 3.00653  2.38350  2.80140
 3.27668 -3.89969  3.48181
