-3.74724
 2.55017
 2.53000
-3.72023
 2.53752
 2.54918
-3.74968
 2.53471
 2.52055
 2.54185
 2.53474
 2.53115
 2.55152
 2.55352
 2.54517
 2.56808
 2.55683
 2.55792
-3.74066
-3.74762
-3.71492
 2.53320
 2.56592
 2.55770
-3.73354
 2.57822
 2.54703
 2.55191
 2.56131
 2.55148
 2.54883
 2.53070
 2.55655
-3.71649
 2.53863
 2.54049
-3.75220
-3.72168
 2.55807
 2.54624
 2.56188
-3.74876
-3.71777
 2.52865
 2.56620
 2.54552
-3.72986
 2.52870
-3.73486
 2.53876
 2.56279
-3.73113
-3.73194
-3.72378
-3.73312
 2.57859
-3.71546
 2.56800
 2.53066
 2.56269
 2.57258
 2.53696
 2.52586
 2.54867
 2.54591
-3.74137
 2.52370
-3.71425
 2.55464
 2.55513
-3.71238
 2.52791
 2.53200
 2.55186
 2.54499
 2.54302
-3.74290
 2.53982
 2.53089
 2.53991
 2.55798
-3.74780
-3.72810
 2.53015
 2.54586
 2.53582
 2.55319
 2.54040
 2.53984
-3.74406
 2.55326
 2.56860
 2.55276
 2.52971
-3.71638
 2.55188
 2.56949
 2.52145
 2.54411
 2.54331
