-1.07665  1.21699  0.82930
-1.04146  1.21028  0.80339
-1.08501  1.20794  0.81262
 2.04772 -1.93669 -0.81585
-1.03869  1.19631  0.85786
-4.20659 -1.94061 -0.84242
-1.03758  1.18614  0.84413
-1.09476  1.23115  0.80207
-1.09596  1.24084  0.79458
-1.06469  1.24038  0.86672
-1.09899  1.23363  0.80083
-1.11517  1.21525  0.80478
 2.04972 -1.91751 -0.80361
-1.09953  1.21829  0.80667
-1.09319  1.22335  0.80393
-1.09103  1.22541  0.81473
-1.07608  1.19094  0.81359
-1.06439  1.19450  0.80219
-1.06054  1.21738  0.80699
-1.03436  1.19357  0.82167
-4.18836 -1.94322 -0.80571
 2.08872 -1.92193 -0.85530
 2.06826 -1.93422 -0.83625
 2.08849 -1.93700 -0.82295
-1.04799  1.22791  0.85494
-1.04043  1.18453  0.83648
-4.17621 -1.95343 -0.81429
-1.04402  1.20731  0.81454
-1.05315  1.19353  0.84020
-4.17266 -1.92631 -0.85627
-1.07978  1.21342  0.81366
-1.08079  1.21971  0.80712
-1.08092  1.22406  0.83571
-1.06673  1.19913  0.79076
 2.10304 -1.94313 -0.84249
 2.09780 -1.94651 -0.83655
-1.08821 -5.06469  0.86373
-1.06373  1.21002  0.84303
 2.08076 -1.93224 -0.80200
-1.01490  1.19060  0.82831
-1.06587  1.19155  0.82207
 2.08967 -1.92867 -0.77174
-1.06513  1.19388  0.80459
-1.06092  1.22451  0.85419
-1.08738  1.22133  0.81855
-1.12544  1.24321 -5.46038
-1.02407  1.21277  0.85629
 2.07729 -1.92245 -0.83126
 2.04783 -1.91137 -0.82119
 2.09275 -1.92810 -0.82088
 2.09821 -1.92014 -0.82658
-1.04964  1.21547  0.83099
 2.09711 -1.93084 -0.83038
 2.05598 -1.93930 -0.77621
 2.12166 -1.95734 -0.83129
 2.10092 -1.93072 -0.80945
 2.08329 -1.93457 -0.82188
-1.02863  1.20253  0.85790
 2.04184 -1.91492 -0.78240
-1.09701  1.22711  0.82109
 2.08661 -1.94356 -0.83669
-1.07714  1.19543  0.82265
 2.07366 -1.92121 -0.83695
-1.06963  1.21741  0.84666
-1.07362  1.21298  0.82376
-1.03006  1.18948  0.85465
-1.07843  1.21979  0.79540
-1.07096  1.22886  0.84015
-1.04927  1.20501  0.76554
-1.06668  1.20502  0.83035
 2.05209 -1.93414 -0.81293
-1.09801  1.23244  0.80660
-1.10551  1.23482  0.78651
-1.07810  1.19225  0.80070
 2.09228 -1.93416 -0.82640
-1.05100  1.20059  0.84346
-1.04058  1.20899  0.85858
 2.04926 -1.90140 -0.80938
-1.08452  1.22622  0.81246
-1.07437  1.21946  0.81334
-1.03508  1.19121  0.86285
 2.10203 -1.92072 -0.84330
-1.09833  1.23968  0.82280
-1.05399  1.19908  0.83465
-1.10914  1.22921  0.81188
-1.11288  1.23117  0.80303
-1.05498  1.21614  0.79349
 2.08840 -1.96143 -0.87758
-1.06854  1.21550  0.86593
-1.04066  1.19283  0.83470
-1.07362  1.22848  0.83714
-1.09455  1.22706  0.81027
-1.05398  1.21680  0.83439
-1.05324  1.21780  0.84097
-1.06708  1.22021  0.79401
-1.08763  1.23173  0.80113
-1.04978  1.21065  0.83386
-1.09214  1.20147  0.81978
 2.06540 -1.92434 -0.83379
-1.03296  1.19057  0.85992
