-1.12565  0.85857  0.72102
-1.11033  1.24599  1.04032
 0.86242  0.61812  1.06709
 0.56136  1.08570 -0.26801
 0.03096 -1.36857  1.24647
-1.40871 -0.05978 -1.19465
 0.42088  0.09198  1.41422
 1.32487  1.55089 -0.01432
-0.91343 -1.25204  0.90590
 0.88326 -1.50697  0.76890
 1.24811 -0.60209 -0.68886
-0.69810  0.55668  0.65921
-0.79822  0.77143 -0.40766
-1.01892  0.25160  0.92439
 0.77527 -1.05539 -0.20203
-1.44698 -0.45427 -0.23354
 0.99858  0.22684 -0.30591
 0.46122 -0.74280  0.14244
-0.54594 -1.31903 -1.28002
-0.75555 -0.10119  0.40015
 0.94726  0.98491  0.09745
-1.39820  0.73741  1.22745
-1.52625 -1.51194  1.02650
-1.50617  1.13604  0.13668
-0.08916 -0.81585  0.56160
 0.48807  1.02743 -0.19849
 0.90091 -0.21081  1.26120
 0.50578  0.11951  0.54161
 1.15188  1.28883 -0.72829
 0.33831 -0.02768 -1.52426
 0.71696 -0.75326 -1.31058
-1.11690 -0.93261  0.65394
-1.01553 -0.15510  1.40253
-1.16983  1.54750 -1.35206
-0.26630  0.00763 -1.01835
-1.36378 -0.46752  0.77677
 0.02728 -0.81016 -0.44407
-1.25058 -1.22513  1.47883
 0.30837 -0.48958  1.26866
-1.37186  0.36441  1.08561
-0.35185  1.07918  0.36149
-0.08103  0.09688 -0.63604
 0.07184  0.00604  0.91438
 0.68532 -0.17755  0.38418
 1.51373  0.30788  0.22592
-1.34882  0.51231 -0.81110
-0.72088 -0.99526 -0.85841
-0.58003 -0.88112  0.16282
 0.70651  1.50766  0.14028
 1.41875 -0.56879 -1.53336
 1.35325  0.89722 -0.20936
-0.83949 -0.26507  1.04736
-0.75222 -0.87079 -1.18956
 1.23381  0.54593 -0.21153
-1.38658 -0.57548 -0.07652
-0.37801  0.91305 -0.78863
 1.25326 -0.44704  1.30821
 0.38747 -1.51574  0.59607
-1.44106 -0.51938 -1.12622
-0.30393 -0.04845 -0.12887
-0.04783 -0.49555  0.14978
-0.49381 -0.12084  1.24093
-0.66051 -0.31666 -0.73809
-0.42021 -0.80234 -1.37838
 0.65516  0.09385 -1.52816
 1.34636  0.16318  0.64388
 0.67463 -1.12642  0.24300
-0.87223 -0.22814 -0.37366
-1.41011 -0.38044 -1.32953
 0.32694 -1.45573  0.04636
 0.26313  0.97042  0.38207
-0.43863 -1.33938  0.41244
 0.56433 -1.49472 -1.46939
-1.37355 -0.28217 -1.51659
 0.79743 -0.54704 -0.48976
-0.82134  0.04037  0.78803
 0.31097  0.52418 -0.59149
-0.65258  0.36755 -0.36755
-1.42405  0.78785  0.26747
 0.42236  1.04262  0.40634
 0.99648 -1.56773 -0.08170
-1.13176  1.09107 -1.26913
-0.19265 -0.27956  1.37022
 0.93298  0.94719 -0.81622
-1.30773  0.66868 -0.78768
-0.27809  1.52225  1.46829
 0.51137 -0.56275 -0.46163
-0.77532  1.05927 -0.04511
 1.24166  0.28177  0.04559
 0.34086  0.10979 -1.01807
-0.01692 -1.06410  0.97952
-0.10657  0.41571 -0.58123
-1.50785  1.35070  1.11520
-0.23966 -0.66028 -0.54869
 0.72991  1.42929  1.04084
-0.84647 -1.17133 -1.32147
 1.18576  0.63643 -0.62944
 0.81923 -0.85800 -0.93479
-0.73235 -1.43672 -1.52360
-0.14611 -1.46055  0.99224
