-0.13631  0.37136  0.11822
-1.22727 -1.33105  0.97577
 0.59826  0.00071 -0.92159
 0.49859 -0.94377  0.53128
 1.29353  0.29656  0.32361
 1.03049  0.99691 -0.40653
-1.34761 -1.51863  1.51950
-0.21546  0.33623  0.40844
 0.58828  1.19957 -0.35044
-0.22895  0.98111 -1.04745
-1.06169  0.93034 -0.45163
-0.58969  1.56502 -1.16862
 1.28846 -0.45376  1.11912
-1.19208 -0.82678 -1.11485
 1.27853  0.83583 -1.52721
 0.35911  0.59186  0.37188
-1.19148 -0.54140  1.38195
 0.97345 -0.13572  0.18081
-0.40119  0.13109 -1.00509
-0.53852 -0.65979  0.54469
 0.04648  0.27508 -1.56435
 1.45818 -1.25475 -0.50687
 0.83309  0.09543  1.17372
 1.04081 -0.13656  1.11051
-0.61662 -1.37251  0.95339
 1.49208  1.26348 -1.50433
 0.20710 -0.46625 -0.41544
 1.42933 -0.09822 -0.49760
-0.99246 -0.36586  0.55239
 0.55131  0.56622 -0.61583
-0.57237 -1.32489 -1.52876
-0.98623  0.88886 -0.64429
-0.66853  0.48431  0.50252
 0.57644 -0.40807 -0.98137
-0.44807 -0.42718  0.54848
-1.17148 -1.22425  0.78851
 0.18691 -0.73252  1.23328
 0.92761  0.86727  0.91757
 1.10862 -1.51751 -1.02935
 0.74405  1.43826 -0.45470
-0.77721  0.30653  0.21662
 0.49149 -1.10198 -1.06633
-1.42792 -0.17467 -0.89334
 0.15944  1.17301  1.09833
-1.09033  1.23272  0.20803
 1.24959  1.37296 -1.39449
 0.61098  0.81606  1.07046
 0.69061 -0.95179 -0.11767
 0.43580 -1.32215 -1.17909
 1.43856 -0.81168 -0.17123
 0.03501 -1.47485  0.55962
-0.67748  0.79630 -0.43757
-0.48168 -0.21547 -0.85681
 1.48825 -1.46992  1.24645
 0.84438 -1.31437  1.44369
-0.01016 -0.32589 -0.29304
 0.12853 -0.88206 -0.88950
-0.29875  1.28321 -0.76246
-0.24150 -0.97050  0.70041
-1.03432 -1.26009  0.66296
-0.04144 -1.13260  0.01405
 1.17124  0.72991  0.95397
-0.71724 -1.23744 -1.11947
 0.22336  0.28879 -0.53616
-0.74479  1.50840  0.03818
 0.36370 -0.22871  0.52129
 0.06793  1.17271  0.31880
-1.23001  0.36214 -0.57577
 1.31660  1.25375  0.74408
-0.51704 -0.60055 -1.19005
 1.23877 -0.67119  0.21668
 0.85944  0.66967 -0.32116
-0.46052  0.15115  0.39350
 0.03908  1.52508 -1.14842
 1.29640 -0.13943 -1.14025
 1.56568  1.08398 -1.38606
 0.10188  0.33508 -0.74897
 1.48138 -0.86488  0.84089
-0.51792  0.30304 -0.86925
-0.33879 -0.30216  0.43783
-0.76882 -0.73800 -0.38560
 1.41820 -1.48411 -0.24963
 1.10399  0.69288 -0.38268
-1.39304 -0.74796  0.99964
-1.13489 -0.25013 -0.27774
-0.85999  0.23399  0.13377
-0.00689  1.03017  1.36477
 1.31946 -1.37891  0.21394
 0.71969  0.07923 -0.39182
 0.64060  1.50869  0.94201
 1.02473  0.09296 -0.19831
 0.38176  0.80023  0.43397
 0.32677 -1.03027  0.20362
 1.30249  0.97738  0.83387
 0.57607  1.52946  1.14494
 0.41434  0.72161  0.69768
-0.79221 -0.04496  0.42701
-1.11684 -0.03134 -1.22168
 0.73665 -0.28154 -1.28024
-0.06801 -1.03960 -0.56323
