-2.21805
-2.21889
-2.21995
-2.21718
-2.21425
-2.21963
-2.21846
-2.21660
-2.21698
-2.21835
-2.21733
-2.21964
-2.21493
-2.21908
-2.21812
-2.22014
-2.21216
-2.21906
-2.21900
-2.21891
-2.21619
-2.21565
-2.21913
-2.21438
-2.21427
-2.21963
-2.21607
-2.20296
-2.21998
-2.21580
-2.21701
-2.21766
-2.21941
-2.21891
-2.21390
-2.22004
-2.22017
-2.21717
-2.21899
-2.21625
-2.21955
-2.21728
-2.21840
-2.21548
-2.21799
-2.21955
-2.21649
-2.21892
-2.21464
-2.21935
-2.21312
-2.22026
-2.21854
-2.21945
-2.21662
-2.21900
-2.22006
-2.21331
-2.21794
-2.21559
-2.21510
-2.21524
-2.21961
-2.21706
-2.21911
-2.21995
-2.21943
-2.21921
-2.20976
-2.21959
-2.22005
-2.21555
-2.21910
-2.21740
-2.21908
-2.21454
-2.21831
-2.21979
-2.21677
-2.21905
-2.21946
-2.21585
-2.21354
-2.21402
-2.21802
-2.21456
-2.21919
-2.21865
-2.21973
-2.21899
-2.21795
-2.21814
-2.21869
-2.21660
-2.21326
-2.21295
-2.21436
-2.22030
-2.21996
-2.21878
