-11.02158 -17.44382  13.54878 -6.16885  2.86102  28.55264  0.65885  11.00577  33.02940 -10.96363 -4.68995  12.53324 -44.83946  12.64396 -3.47428
 7.92639 -32.85421 -19.74984  3.53892  35.74071  0.32449 -16.59827 -1.58942 -10.98409  14.11519  4.66938 -39.75970  84.72827 -24.69919  4.70006
-4.75626  7.97700 -29.25127 -34.53130  8.24861  3.73568 -32.36733  14.12258 -26.67766  10.96391 -11.04297 -17.82922 -30.49408 -9.40332 -51.89306
-39.25875  29.85261 -4.15689  18.26496 -46.19635  10.98994 -13.45521 -26.71535 -4.71985 -17.27037  26.68336  32.26369  27.02769  15.11529 -23.65248
 11.42837 -6.32151 -24.84747  18.11514 -26.45823 -1.25361 -10.61718  58.11599 -23.66402  7.82873  23.53180 -12.25205  18.02108 -16.06440 -6.20464
 14.10489  10.95573  13.87523 -5.83894  43.83875 -27.67285  66.14539  23.56026 -23.56085  20.42221 -1.57392  12.54913 -14.64548 -2.66937 -27.44086
-14.12234 -4.60625  30.45122  26.42147  39.16644  19.01705 -19.75190 -64.39482 -17.40795 -7.95552 -64.41097 -20.50190  31.19173 -1.86270  23.54508
 1.50208  14.25865 -13.52843  6.78625 -10.01113  18.31150 -8.51848  11.00255  1.60559  39.27856 -1.47595  49.54741 -37.87361  60.24921  36.12531
-17.26294 -10.04693  15.99705  15.81366 -10.29672 -29.76576 -26.85739  36.12871  8.02250 -14.12120 -23.55995  18.78698 -14.87412 -18.81794  12.44193
-45.54671  29.99193  43.02685  33.62965  2.40421  6.39038  7.22455 -23.55335  51.78303 -33.01257 -1.53220 -8.84528  15.25535  58.75377  7.90788
 7.79115  33.02910  36.66713  31.79858  28.43560  15.57721 -5.04095 -7.82629  11.15427 -48.69715 -4.66331  9.46014  12.72887  5.90116  49.04683
-4.71967  42.50236 -35.45118  34.71299  6.24298 -12.54550  26.04688  1.57449  48.76020 -42.38448  7.81330 -25.24783 -15.31707 -6.49767 -23.48714
 26.70523  20.59737  27.44597  21.66741 -6.97372  1.72432 -1.01506 -20.37810 -58.04672  73.82431 -23.56403 -49.75053  26.14949 -12.11822 -29.80939
-7.73215 -11.03726  8.63324  27.82948  2.97795 -2.34181  32.73831 -32.90795 -17.46675  23.54002 -4.77486 -72.49936  24.81448  8.96785 -33.58943
-32.96951  39.33774 -30.15521 -15.45807  28.37173  34.09681 -45.15365 -7.86393 -11.01623  17.26857  33.00162 -3.05797 -13.24749  3.35951 -18.64743
 17.28219 -51.69588 -7.28235 -31.89354 -34.81997 -21.70879  19.84595  36.11547  4.75584  45.54193 -4.75155 -15.59603 -30.80547 -2.69220  11.18270
-17.25754  39.38097 -48.15689  11.31063 -16.21243  21.54857 -38.54006 -4.72345 -10.99971  14.15159 -11.05999  9.05367 -31.28516 -16.94783  42.42068
-45.56183  7.90603  24.18335  6.63708 -6.52196  3.40832  58.63238 -11.00795  14.23590  10.96660 -42.62060  34.66277 -9.31662 -2.99637  17.37409
-20.42029 -51.71538 -16.67011  2.42733 -24.41700 -34.46045  21.02830  20.42478  48.67292 -73.85259 -32.91038  27.72678  21.55199  25.87496  61.27390
 32.98826  23.69079  27.30872  33.19094  14.54883 -9.42032  13.48382 -32.97881 -20.41589 -7.85250  7.84826 -30.46945  28.60702 -23.80293  14.14082
 23.62123 -1.46816  36.81591 -9.65729  15.40049  72.01362  13.34184  32.99608 -11.02168  39.25123  13.93075  9.25411 -22.15281  27.89771  11.09297
-23.50207  51.60808 -38.62945 -15.92317  24.98267  30.93526 -36.17615  11.02985  49.03310  42.41767  26.73513  19.05556  25.25181 -6.05363 -5.37212
-1.69892  27.95737 -23.33621 -3.24696 -31.79025  18.51180 -17.24860 -4.74423 -27.90194  10.98915 -45.59380  5.96528  56.91106  47.17471 -2.42340
 10.97846  11.10299 -7.29076 -46.63284  21.80871  24.78918 -11.07386  20.40806 -26.71874 -23.57719  4.70760 -37.74220  47.12182 -6.81264 -10.40452
-33.00816 -23.47039 -38.66640 -6.30128  9.30330  3.47967  52.34281  1.56985  17.33430 -17.25116 -20.41654  28.23764  9.45446  9.47692  30.00246
-20.33261 -26.64932 -35.57228  73.19775  19.00341  2.93323 -45.43179 -45.54070  48.80689 -17.25376 -32.96404 -37.69344 -3.30435  20.96724 -26.16267
 7.80034  17.34724  1.99520 -4.24695 -0.22022 -3.32787  4.69192  11.02235  17.38734 -32.97089  17.28652 -40.80409  3.56679  23.03682 -13.51150
-7.84440 -23.53887 -33.35101  18.27691  9.21521 -12.04740  37.54312  1.55394 -42.41825 -20.42769 -23.59257  56.50888 -24.02646 -3.75275  19.61534
-58.09687 -20.31171 -38.64886 -8.61561  4.56174 -28.38913 -11.63292 -7.84405 -55.00110 -14.10831  42.43258 -14.23089 -43.81222 -5.46686 -32.97582
 48.68734  7.99369  36.70944 -18.99139 -62.95971 -2.83999 -23.42982 -20.45737 -4.65916  1.53746  17.21964  37.71947  31.39638  12.31552  5.15920
 39.26188 -20.34049 -26.11959  38.41193  41.43672 -12.69967  43.14337 -32.98012 -7.87524  4.72430 -17.25703  18.35809  3.63745 -28.98014 -4.72642
 51.83637  11.07464 -7.24735  15.82866 -21.56875  41.02406 -29.25016  20.40387 -23.53642 -1.57257  20.47023  24.85101  47.29208  34.65138 -20.52984
 7.85628 -26.61638  2.20924 -16.01995 -23.23312  12.20403 -39.95141 -7.89380  14.04299 -10.99478 -51.85173  58.65473  11.85278  12.36064 -7.81027
 11.00257  14.22675 -16.82817  11.26818  22.15087 -34.43044 -10.96918 -17.27294 -14.19092 -32.98447  42.41466 -9.39640  3.35612  1.30393  35.40654
-67.55898 -51.73553 -13.63766  26.81296  25.30599  53.51196  48.98487 -36.14279 -51.81787 -11.00249  7.80817 -6.33238 -2.94380  7.69253 -29.42851
 1.58301  26.82832  8.47020  34.78664  1.27603  31.12933  14.78144  39.29728 -36.06423 -51.84136  14.11924  4.85114  25.04891  28.43364  10.99814
 26.73509 -10.80946 -38.62949  15.90819  7.04812  5.77904 -2.25123 -20.45229  7.79390  14.16874 -48.69425  8.82193 -6.15225  47.22871  29.87921
-45.54960 -10.88325 -7.24147 -10.85869  45.81434  31.63143  8.53697 -36.12254 -4.70191  4.68555 -36.12386 -5.14363  0.12885  30.02270 -14.12988
 23.54476 -1.50804  14.72894 -21.63993  43.13130 -2.39393 -0.90235 -29.82855 -39.25745  7.85615 -26.69552  2.15380 -14.60251  56.17044  14.11280
-29.81060 -1.47462 -16.85495 -9.38360  3.02066 -3.51507  1.13003  26.69280  61.21479 -17.28272  20.41134  3.12484  0.61956 -0.09038  1.27154
-7.83450  45.66005  8.44214 -27.17857  31.33854 -6.20172  10.37774  14.13971 -1.55418 -4.71773 -1.58793 -6.06848  59.92907  24.09911 -7.81871
 4.69515  11.04345  45.66280  14.31386  9.81902  11.28992 -22.62427  11.04015  45.51426  14.12844  29.82543  37.91697 -4.41126 -23.33436  42.81534
-20.41569 -42.26432  33.23772 -21.75929  12.70111 -22.23561 -39.25444 -36.12192  1.48792 -7.90742  4.67885  3.10924  12.10587  3.35109 -33.76194
 1.60461  1.65547 -22.95171 -19.16741 -48.63925 -25.95185  30.50571 -7.86668  4.74559  10.97399  10.98594 -17.03797 -3.63255 -31.08664  7.88274
-20.41672  7.77987 -8.59873  13.14516  2.92833 -9.58766  6.75543 -4.69248  1.59423  33.00030  17.29801 -12.53000  19.92142  28.81801 -13.08967
-32.98200  36.23096  2.10195 -15.88975 -1.99755 -5.92658 -32.27505  20.39283  7.80891 -4.76032  20.46044  16.70477  40.18130  15.58974  11.03706
 26.70903  11.14901  11.64230 -6.55141  47.29979  19.19672 -9.92971 -20.41654  45.50956  4.71916 -32.91790 -15.73204  25.18086 -6.44142 -60.90695
 4.66791  48.79850  1.58418  16.49216 -34.47015 -2.76768 -26.85400  39.24561  20.35273  23.57434  4.71667 -34.56528 -28.80154  10.24493  25.65910
 51.83330  17.40057  11.62136 -46.37903 -15.83267  9.46425 -51.14381 -32.99416  14.12610 -10.98522  7.86689  2.89479  31.07251 -27.44900  26.63331
-17.29930  26.79653 -12.00995  21.71419 -43.95312  4.43430  7.92641  29.83581 -10.90884 -1.54682  23.55302 -21.96134 -10.31049 -3.43503  28.23957
 7.85064  4.80508 -57.53461  7.23884 -24.80970  15.79505 -16.52413 -1.58175 -36.13756  39.27953  7.85304 -0.20551 -31.14597  0.96980  23.55193
-51.81963 -1.30516 -28.67013 -24.75933  34.70353 -5.88020  8.75868 -36.10160  36.18806 -29.85632 -17.28710 -18.96191  26.26975 -19.25656 -13.65491
-14.12692  17.38317  17.91263 -1.52667  39.61184 -47.10665  0.93336 -10.98942  17.29210 -1.55021  23.56136 -13.62099  15.33949 -23.65869 -32.98555
-26.62159 -48.67365 -13.77651 -0.98523 -12.72531  18.70835  1.72310  7.84108  29.73333 -14.13117 -1.56533  12.57053 -9.86172 -5.27989 -24.12839
 7.84642  1.62281  17.73940  3.46094  0.14165 -34.73265  1.18106 -11.00290  10.92600  4.70930 -64.50163 -28.27801  40.72730 -25.44973 -45.89706
 7.86494  39.41470  20.94281  0.25144 -12.80057  22.15207 -32.47131  1.57041  51.69773 -39.30968  14.10670 -18.86335 -15.26991  6.37339  20.26376
 7.91563 -42.27548 -0.88096  72.03149  30.55246  12.04481  26.00965 -17.26167 -29.83615 -45.54634 -1.61059  1.06314  34.72224 -0.24392  20.43836
 7.85308  26.79209  5.36694 -7.02358 -13.55184  15.19929  41.68343  54.96999  26.68939 -29.84040 -23.56998 -20.87109 -15.55003 -32.19377  4.68258
 7.89634  45.63329 -16.83762  11.77491  2.98699  56.48468  11.00825 -14.14212  11.05031  20.43528 -36.10774  15.71004 -18.61899 -18.00994 -46.25486
 1.56834 -20.39464 -11.08597  49.33079  53.26050 -28.81404  42.48909  48.67134  33.00748 -10.99723  48.68649  34.57919 -22.70645 -29.20183  35.13818
 17.29379  51.90176  17.69430  27.96758 -0.34796 -33.50434  24.36707  26.71640  1.58045  23.56384 -17.28363  2.96342  22.80341 -0.30175  20.24144
 4.74082  4.81132  8.41556  20.48751  7.00548 -34.62792 -0.95645 -7.84179 -32.99014 -4.71950  39.27227  24.53884 -28.02433  14.00484  23.52831
-7.81757 -23.47320  11.60463 -7.44962  23.69571  21.53999 -22.80730  23.54286 -10.97431 -7.86436 -36.14542 -55.28011  52.61494  61.70340  7.85351
 61.28910 -26.62734  11.59583  62.87957 -18.93934 -53.74175  70.01606 -39.26887 -39.29243 -17.28637 -30.19960  25.12422  12.59901 -3.55616 -33.00355
-10.98657 -16.99071  50.11368 -3.96551  3.33189  27.43817 -3.76465 -26.69202  32.92876 -7.82364 -10.94885 -25.07535 -5.62237  49.33018 -18.58338
-10.95993  26.64230 -11.22166  37.51032 -41.11668  27.93555  28.33790 -14.14688  14.10951  10.98042 -4.71380  0.06817 -47.99695  2.93061  13.19510
 10.98467  20.57620  21.13157  1.94415 -10.58136 -21.79856 -49.35811 -33.03816  29.87209  64.39175  7.87563 -4.91708  6.07118  7.53828 -20.40965
 7.85503 -70.71663  20.04899 -15.87320 -37.80235 -20.50658 -2.32709 -23.58592  26.71290 -23.59230 -58.07806 -15.64287  7.61465  40.67541  7.10389
-29.95563 -20.64241  45.94398 -0.36435 -9.59024  34.49983  29.83951  1.56275  16.94448  20.41048 -17.27160 -40.85990  37.39372 -59.38202  22.84977
-39.26560 -14.02590  5.34085  40.49538  7.87966 -1.08375 -8.46874  42.39359 -1.62380  14.18146 -26.71393 -1.76693 -22.74157  28.60957  7.85118
-26.72993 -39.60580 -5.51121 -31.41095 -5.80747  2.31974  59.28839  23.59232  73.68591 -10.98136 -7.85487  37.72416 -36.28688 -37.75830  13.22094
-4.71703 -45.54424 -45.08181 -31.06786 -31.48661  65.84266  39.84371 -17.28773  39.23150  20.42243 -1.58718 -3.32112 -24.68089 -24.85280  14.30165
 39.26101 -14.11209  2.02558  5.89026  30.94160 -44.64173  41.76288  7.87975 -32.92699  1.57578  42.39768  38.02483 -65.06174 -5.88951  48.79408
 20.48157  11.12038  24.10443 -13.91590  33.32697  7.11512  21.17733  45.56672 -7.85152  7.87601  33.03242  39.43833  13.11141  4.47453 -20.45609
 29.87006  26.71227  33.08755 -26.59584 -18.69533 -3.51599  26.66769  26.69955 -10.93891  33.02081  10.98700 -53.34687 -22.49901 -17.18144 -19.65478
-29.84413  23.72475  18.00429 -0.07495 -24.44026 -24.93715  33.62176  51.84506 -48.70022 -29.83125  14.07126 -28.79010 -9.62153 -3.08555  14.16182
 1.53012  11.21081 -10.37195 -36.78558  15.41953 -37.52770  23.25903  11.00330  14.06178 -7.84555  17.23777 -22.09502  47.33231 -5.31715 -5.12076
-14.15438 -14.01265 -54.33949 -3.32584 -39.75726 -35.71324  11.70218  26.66033 -17.24590 -20.43845  26.68127  4.04813  2.32579  12.50636 -17.35118
 1.54970 -5.34302 -43.67069  6.07291 -13.33754 -39.52870 -4.84167  7.83404 -11.05435 -4.75052 -29.86385 -50.63025  7.13562  15.58717  3.34332
-55.01775  45.03687  5.05482 -25.12956 -31.20159  12.62134 -51.86830 -1.54912  5.30466  45.56767  36.13700 -25.13936 -34.23722  21.93678  0.87982
 1.61971  20.66166 -19.60544 -6.85566  23.98259 -37.90495  4.02746 -20.40504 -45.45085 -1.49913  4.73360 -36.21486 -25.28737  13.21102  29.82298
 14.10145  48.77781 -19.80426  12.44636 -12.21588 -0.08913 -57.77166  14.13504 -17.24534 -45.51529  17.30601 -15.85801  6.70447  9.32977 -10.70950
-11.02477  17.39539 -19.79733 -3.05282 -11.15547  9.00661  24.17794 -10.97556  32.91078  7.90951 -48.72202 -8.21889  51.00546 -6.20585  29.86478
 17.27263 -7.73836 -16.59667  62.76887 -1.46635  30.51520 -26.12668 -26.68110 -20.36044 -42.40746  42.40956 -26.81174  25.72065  6.32583 -1.60915
-1.53099 -35.99153 -23.03024  7.19096 -39.67245 -8.23918  10.26577 -23.54569  29.83959 -20.45035 -4.69058 -2.12558  33.71891  8.54144  51.81183
 26.61107 -17.32299  30.17408 -15.24333  28.46606 -5.97454  13.90879  4.67808  1.75955 -23.48119  14.09004  25.12010 -30.87201 -8.96655  8.36760
 7.90394 -4.70461 -64.14727 -47.67060  6.44120 -9.17761  17.13111 -1.57579  29.93858  36.12896 -36.13424 -62.79820 -15.21920 -11.93415 -0.93536
-23.55507  2.12290  62.71364  12.75847 -12.08253  52.42084 -10.34746  14.12517  48.68574  14.18086  1.53466 -3.25694 -18.31008 -78.71616  18.77954
-23.58466  1.67328  11.60162  16.00015 -3.91893  37.16603  4.02172 -7.84196  1.55982 -4.72677 -45.56747  17.93271 -19.01999 -18.56395 -14.11980
 7.84178 -1.46417 -22.95376 -8.74452  40.59002 -0.17707  35.42861  29.84824 -17.28523  1.56596  1.55028 -28.22667 -18.33642  10.10432  10.95960
-7.82960  23.77297 -32.07846  27.18587 -21.90947  38.36418  7.16962  26.68127 -7.79788 -10.96843 -26.72875 -18.61721 -39.64981  13.55524  13.94956
 39.38050  18.84117  4.98722 -37.82373 -25.40909 -15.96477 -14.17884 -26.69439  3.08920  1.58979 -1.57894  19.15938  0.28601  9.43342  2.40942
 42.38533  20.46257  43.24891  18.88110 -0.00379  44.69648  33.11956 -20.41970  4.53871  14.10920  29.85870 -9.61264 -18.57329  6.30841  52.39315
 24.05480 -22.10765 -34.24177 -21.30376  61.11108  1.45769 -4.57292  48.71043  36.33211  7.86203  48.71209 -12.36510  8.60469  21.77383 -9.45833
 4.71821 -80.02110  39.88529  49.63804  10.35352  12.22431 -46.16237  64.44421  11.04549 -29.90082 -4.69065 -14.97998 -3.88276  50.89347 -58.07446
 26.75140  17.41557  21.04554  3.61841  2.87120  34.52205  10.54638 -20.43809  11.07609  70.67541  7.84769 -12.60072 -24.82026 -9.94690 -23.72121
 20.41659 -1.48144 -26.07698 -1.25101  34.87843  19.00879  8.40651 -29.83629 -4.72752 -1.57513  1.57629  18.65584 -18.64410 -57.79896 -20.28629
 23.57968 -39.07306 -0.83590 -44.54416  19.35446 -53.71795  0.90961  32.96491  45.60316 -39.26838 -20.45898  5.61367 -0.06378  18.35678 -4.77836
-14.17553  1.67004  2.23071  67.73792  23.22548  41.19648 -39.99893  10.97636  20.38944  20.44031  4.69326 -2.07514  3.14986  48.84181  54.99850
-20.42501 -7.87416 -19.73240 -18.91602  3.12823 -28.70717 -20.43016 -20.40180  23.40576 -14.14460  76.98899 -3.04523 -59.75072  25.15305 -2.20080
