 3.07600 -3.95303 -2.80023  2.90388  2.99829
 3.12094 -10.19445 -3.49956  3.37794  3.23088
 3.04625  8.53982 -2.73014  2.88183  2.96896
-3.19156 -3.90744 -2.81666  2.99680  3.08220
 3.07936  2.39225  2.78451  2.94934  2.99080
 3.08287 -3.91027 -2.65927  2.88598  2.99046
 3.08829  8.77616 -2.74738  2.91085  2.99323
 3.11112 -3.78235  3.41198  3.28438  3.15422
 3.22777 -4.20366 -8.86608  3.45020  3.31073
 3.15745  2.30988  2.75633  2.98537  3.07506
 3.23233  2.47068 -3.56771  3.45882  3.30573
 3.23929  2.32761 -3.50791  3.30899  3.28192
 3.11521 -3.96503 -2.78429  2.90422  3.06733
 3.22223  2.30766 -3.55801  3.37151  3.29842
 3.12263 -4.09811 -2.53578  2.87068  3.03592
 3.21681  2.38342  2.75540  3.02933  3.13813
 3.06124  2.33144  2.68857  2.95341  3.05178
 3.08423 -3.98130 -2.74043  2.81535  3.00095
 3.20290  2.42315 -9.74052 -3.28699  3.20587
 3.08835 -3.97715 -2.78349  2.96955  3.08733
 3.14948 -3.77902  3.47779  3.22921  3.19010
 3.07468 -3.92849 -2.73120  2.90980  2.95736
 3.22847 -3.91121  3.45852  3.32511  3.21372
 3.15137  2.40564 -3.52678  3.29341  3.15416
 3.08502  2.30513  2.73180  2.86764  3.00046
 3.06500  2.40959 -3.49130 -2.94103  3.03273
 3.05577  2.41782  2.69516  2.89357  2.98899
 3.07289  2.31797  2.70687  2.87898  2.98855
 3.04941 -3.98364 -8.94099 -2.82548  2.99872
 3.07849  2.30533  2.69802  2.91912  3.01812
 3.07692 -4.00990 -2.69358  2.98270  3.03943
 2.96631  8.63809 -2.69878  2.79004  2.86062
 3.12674  2.31555 -3.59167 -2.94259  3.02856
 3.20969 -10.21988 -9.78366 -3.36831  3.27416
 3.06026  2.39316  2.79598 -3.22316 -3.02585
 3.10708  2.38227  2.68898  2.86505  2.99444
 3.04515  2.25440 -3.60387  3.54710 -2.92887
 3.14861  2.43834 -3.39901  3.17382  3.14338
 3.24100  2.42242 -3.45417  3.36058  3.38294
 3.10230  8.62637 -2.72336  2.91206  2.97890
-3.18586 -10.25494 -3.52719 -2.92084  2.99824
 3.06048  8.62655 -2.73746  9.11040 -2.88181
 3.11345  2.35467 -3.54462 -3.04020  3.10295
 3.17256 -3.88985  9.87125 -3.39426  3.28597
 3.17561  2.48299  2.82684  9.29014  3.22356
-3.20606  2.30767  2.69447  2.91533  2.96628
 3.08260  8.72729 -2.79083  2.91983  3.05751
-3.09620  2.38802  2.88285 -3.22697  3.19074
 3.25376 -3.92274 -2.69656 -3.36800  3.24636
 3.11956 -3.85220  3.47840 -2.92359  3.01541
 3.24241 -3.91667 -2.68457 -3.31162  3.23746
 3.03483 -3.83441  3.55624 -2.86518  3.00818
 3.06651  2.40797 -3.60451 -2.88385  2.89796
 3.12851 -3.90333 -2.72867  2.92874  3.02159
 3.06696  2.21205 -3.58253 -2.90809  3.00768
 3.22806  2.49586 -3.47349  3.35599  3.24187
 3.07351  2.42874 -3.48241 -2.94879  3.00573
 3.13640 -3.86894 -9.02302 -2.97902  3.14153
 3.15502  2.30698  2.78151  3.02375  3.09967
 3.23120  8.78234 -2.83700 -3.29918  3.21258
 3.09785  2.43078  2.84044  3.01024  3.01306
 3.10091  15.04210  2.79031  2.92516  3.07213
 3.12991  2.36074  2.63514  2.85576  2.99014
 3.07618 -3.98947 -8.91038 -2.85497  2.91974
 3.06788  2.34172  2.69295  2.88647  3.03228
 3.05615  2.29667 -3.59002 -2.87046  2.98552
 3.05824  2.34524  15.35675  2.96307  3.03431
 3.12306  8.61947 -2.78835  2.99945  3.07525
 3.02225  8.52543 -2.64618 -3.42170 -2.96180
 3.12446  8.77641  3.48932 -2.90348  3.04832
 3.15661 -3.91650 -2.70974 -3.39461  3.33470
 3.08352 -3.95159 -15.30133  2.86067  2.98376
 3.21847 -3.95731  9.74181 -3.38412  3.26468
-3.14216  2.39329 -3.52626  3.30053 -3.03937
 3.15356  8.61700  3.50148 -2.85228  3.12490
-3.15236  2.32843 -3.53458  3.31545 -3.09643
 3.14815  2.40803 -15.96548  3.31958  3.16653
 3.15652 -3.85780 -2.79779 -3.41315  3.20531
 3.18852 -3.98282 -2.74531 -3.43684  3.32039
 3.08550 -3.87017  3.47873 -9.18841 -2.98692
 3.13139  8.67134 -15.33534  2.99688  3.06659
 3.13344 -3.93744  3.50014 -2.83281  3.01849
 3.12950  2.38818 -9.74955 -3.31170  3.22015
 3.21937 -3.94183 -2.72042 -3.40133  3.25069
 3.17129 -3.95603 -2.72356 -3.30888  3.20782
 3.25325  2.37096  2.76123 -3.30969  3.24305
 3.14926 -10.22533 -9.90339 -3.38668  3.27864
 3.17587 -3.88251 -2.69899  2.93465  3.03961
 3.17286  14.89292 -3.57835  3.34465  3.28638
 3.17181 -4.00250 -2.71255 -3.34802  3.21269
 3.29800 -3.92136 -2.64109 -3.53346  3.39771
 3.20233  2.42503 -16.08703  3.33200  3.22511
 3.07807  8.61055 -2.78498  2.95924  2.93305
 3.10957 -3.96433 -9.04982 -2.96724  3.04495
 3.08206  2.36465 -3.58400 -2.85499  2.96918
 3.06320 -10.18685 -3.50370 -2.88383  3.02180
 3.16677 -10.20710  2.74574  2.93551  3.06452
 3.23628 -10.27106 -3.45043  3.35442  3.26033
 3.15694 -3.75548  3.57305  3.41701  3.28744
 3.11723  8.75474  3.44812 -3.05493  3.09071
