-2.13137
-2.15415
-2.32695
-2.05311
-2.18927
-2.07833
-2.32411
-2.19801
-2.23815
-2.15590
-2.12432
-2.09547
-2.04373
-1.99143
-2.11269
-2.33355
-2.17518
-2.23848
-2.25712
-2.22628
-2.29897
-2.09290
-2.14458
-2.23626
-2.06241
-2.22985
-2.22000
-2.03095
-2.13106
-2.20921
-2.18337
-2.25376
-2.19989
-2.20662
-2.17821
-2.14756
-2.11506
-2.27429
-2.03608
-2.12121
-2.21079
-2.29102
-2.14338
-2.18141
-2.26509
-2.06817
-2.07729
-2.31854
-2.17954
-2.14519
-2.05846
-2.38184
-2.08794
-2.24820
-2.30030
-2.16941
-2.18966
-2.31355
-2.32906
-2.15680
-2.22900
-2.12223
-2.12634
-2.11911
-2.21454
-2.27219
-2.08200
-2.00002
-2.13867
-2.18024
-2.25242
-2.10592
-2.23316
-2.27599
-2.27967
-2.27432
-2.00123
-2.27819
-2.19094
-2.09541
-2.26523
-2.37203
-2.28232
-2.31644
-2.30384
-2.26602
-2.16184
-2.15375
-2.23561
-2.16982
-2.13830
-2.14804
-2.03686
-2.16503
-2.11757
-2.20292
-2.34949
-2.01446
-2.05981
-2.18556
