-2.30071
-2.10971
-2.09722
-2.21570
-2.13154
-2.14247
-2.17251
-2.06002
-2.14831
-2.08721
-2.17584
-2.25170
-2.20334
-2.14078
-2.23877
-2.12474
-2.11369
-2.12984
-2.16701
-2.11516
-2.14028
-2.14312
-2.12273
-2.22328
-2.25566
-2.07032
-2.11930
-2.15687
-2.14379
-2.06238
-2.24863
-2.13510
-2.24410
-2.10669
-2.29214
-2.31336
-2.06996
-2.10973
-2.17159
-2.20815
-2.21982
-2.09523
-2.34099
-2.19706
-2.01656
-2.30654
-2.22851
-2.05988
-2.23300
-2.07231
-2.13684
-2.23902
-2.18196
-2.19127
-2.15431
-2.21661
-2.07453
-2.13079
-2.29640
-2.19124
-1.94165
-2.10180
-2.19310
-2.14760
-2.10808
-2.17480
-2.00589
-2.12833
-2.28757
-2.10577
-2.15286
-2.25599
-2.15121
-2.10218
-1.93180
-2.07885
-2.05754
-2.10362
-1.83949
-2.29368
-2.26818
-2.27782
-2.01387
-2.27429
-2.30505
-2.07330
-2.20704
-2.11037
-2.24341
-2.12889
-2.17998
-2.17609
-2.08743
-2.05961
-2.12543
-2.02682
-2.24176
-2.15514
-2.09016
-2.16108
