 3.10875  2.35677  15.31218 -3.36719 -3.00888  3.06731
 3.10872  2.35677  2.74575  2.91598  3.00887  3.06729
 3.10877  2.35683  9.02900 -2.91602  3.00894  3.06738
 3.10872  2.35677  15.31212  2.91598  3.00887  3.06729
 3.10875  2.35677  2.74581  9.19918 -3.00888  3.06731
 3.17442 -3.92635  9.82054 -3.36717  3.27424  3.21584
 3.17442 -10.20956  9.02898 -9.19918  3.27427  3.21586
 3.17446 -10.20960  2.74579 -3.36718  3.27431  3.21586
 3.10876 -10.20956 -3.53742 -2.91602 -3.27428 -3.06734
 3.17442 -10.20956 -3.53739  3.36719  3.27427  3.21586
 3.10877 -10.20954  9.02900 -2.91602  3.00894  3.06738
 3.10872 -3.92641  16.10380 -2.91598  3.00887  3.06729
 3.10875  8.64002  22.38694  9.19922 -3.00894  3.06736
 3.10875  2.35677  2.74581 -3.36719 -3.00888  3.06731
 3.10872 -3.92641  16.10380 -2.91598  3.00887  3.06729
 3.17445 -3.92640  3.53742 -2.91599 -3.27429  3.21585
 3.10876  2.35683  9.02899 -9.19921 -3.00893  3.06735
 3.17442 -10.20956 -3.53739 -9.19918  3.27427  3.21586
 3.10872 -3.92641 -9.02894 -2.91598  3.00887  3.06729
 3.10875  2.35677  2.74581 -3.36719 -3.00888  3.06731
 3.10872  2.35677  2.74575  2.91598  3.00887  3.06729
-3.17442  2.35681  9.02895  9.65035 -3.27428  9.49903
 3.17443 -3.92639 -15.31214  2.91598 -3.27430  3.21586
 3.10877  8.63998 -2.74576  2.91596  3.00887  3.06733
 3.17446  2.35677 -9.82059 -3.36718  3.27431  3.21586
 3.10872 -3.92641  16.10380 -2.91598  3.00887  3.06729
 3.17443  2.35679  15.31217  2.91602 -3.27428  3.21585
 3.17446 -3.92641  3.53742  3.36723  3.27436  3.21590
 3.17442  2.35681  9.02898 -9.19918  3.27427  3.21586
 3.10872  2.35677 -9.82062 -9.65040  3.00887  3.06729
 3.10872 -3.92641  16.10380 -2.91598  3.00887  3.06729
 3.17445  8.63997 -9.02895 -2.91599 -3.27429  3.21585
 3.17446 -16.49276 -2.74577 -3.36720  3.27432  3.21589
 3.10876  2.35680 -3.53740 -9.19920 -3.00891  3.06735
 3.10876  2.35680  2.74582  2.91602  3.00892  3.06735
 3.17444  2.35679 -3.53741  3.36719  3.27428  3.21585
 3.17443  8.64002 -9.02901  3.36717  3.27428  3.21585
 3.17443  2.35680 -3.53740  9.65035 -3.27427  3.21584
 9.45761 -3.92636  3.53741  9.65037  3.00891 -3.21584
 9.39195  8.63998 -2.74576  9.19918  3.27430 -3.06732
-3.10872 -3.92639 -15.31214 -3.36720  3.27432  3.21589
 3.17443  14.92317  9.02897  9.65035 -3.27427  3.21584
 3.10876  2.35680 -3.53740 -9.19920 -3.00891  3.06735
 3.10874  8.63998 -9.02893 -2.91597  3.00889  3.06732
 3.10875  2.35681 -3.53741 -2.91601  3.00890  3.06732
 9.39192  8.63999 -9.02900 -2.91600  9.29210 -3.06731
-3.10872 -3.92639 -2.74577  9.19917  3.27432  3.21589
 3.17444  2.35679 -3.53741  3.36719  3.27428  3.21585
 3.10876  2.35680 -3.53740 -9.19920 -3.00891  3.06735
 3.10874 -3.92639  3.53744 -2.91597  3.00889  3.06732
 3.10874 -3.92640 -2.74580  2.91597  3.00889  3.06732
 3.10874  8.63998 -9.02893 -2.91597  3.00889  3.06732
 3.17444  2.35679 -3.53741  3.36719  3.27428  3.21585
 3.10875  2.35680  2.74577 -3.36720 -3.00890  3.06732
 3.17446 -3.92639 -2.74577 -3.36720  3.27432  3.21589
 3.10875  2.35680  2.74577  9.19917 -3.00890  3.06732
 3.17444  8.63999  3.53740 -2.91600 -3.27428  3.21587
 3.10876  2.35680  2.74582  2.91602  3.00892  3.06735
 9.45762 -3.92639 -2.74578 -3.36718  9.55747 -3.21586
 3.17446 -3.92639 -2.74577 -3.36720  3.27432  3.21589
 3.10875  2.35681 -3.53741 -2.91601  3.00890  3.06732
 3.17443  2.35680 -3.53740  9.65035 -3.27427  3.21584
-3.10875 -3.92639 -2.74578 -3.36718 -3.00890  9.35051
 3.17446 -3.92639 -2.74577 -3.36720  3.27432  3.21589
 3.10876  14.92319  2.74581 -3.36715 -3.00894  3.06735
 3.10879 -3.92635  16.10375  3.36719 -3.00891  3.06735
 3.10874  14.92318  9.02900 -2.91604  3.00895  3.06734
 3.17441  2.35677 -3.53739  3.36718  3.27427  3.21584
 3.10872  8.63995 -2.74577  9.19917 -3.00887  3.06730
 3.10874  8.64001 -2.74583  2.91602  3.00895  3.06736
 3.17445 -3.92639 -2.74576  9.19916  3.27432  3.21587
 3.10872  8.63995 -2.74577 -3.36720 -3.00887  3.06730
 3.10876 -10.20955  2.74581  9.19922 -3.00894  3.06735
 3.17442 -3.92638 -15.31215  15.48238 -3.27430  3.21586
 3.17444  14.92319 -3.53740 -2.91603 -3.27427  3.21586
 3.17441 -10.20960 -3.53739  3.36718 -9.29210  3.21584
 3.17445  8.63995 -9.02894 -2.91597 -3.27429  3.21587
 3.17445  8.63998 -2.74576  9.19916 -9.29205  3.21587
-3.17445  2.35681 -3.53737 -2.91604 -9.55742  3.06734
 3.17444  2.35684  2.74578 -15.93352  3.27424  3.21585
 3.17444  2.35676  2.74579 -9.65037  9.29209  3.21583
 3.10873  2.35679 -3.53740  3.36719  9.55749  3.06733
 3.17444  2.35676  2.74579 -9.65037 -3.27428  3.21583
 3.10874 -3.92643  3.53747 -2.91595  3.00886  3.06730
 3.17445  8.63998 -2.74576 -3.36721  3.27432  3.21587
 3.10874  2.35681  9.02900 -2.91604  3.00895  3.06734
 3.17445  2.35682  2.74583 -3.36714  9.55743 -3.21586
 3.10874  2.35681  9.02900  9.65033  3.00895  3.06734
 3.10874  2.35681 -3.53737 -2.91604  3.00895  3.06734
 3.10872 -3.92642 -2.74577  9.19917 -3.00887  3.06730
-3.17446 -3.92636 -2.74580  15.48238 -3.27431  9.49905
 3.17442 -3.92638 -2.74578  2.91601 -3.27430  3.21586
 3.17445  8.63995 -9.02894  9.65041 -3.27429  3.21587
 3.10874  8.64001 -2.74583 -9.65035 -9.55742  3.06736
 3.17444 -10.20955  9.02897 -2.91603 -3.27427  3.21586
 3.17444 -10.20955 -3.53740  9.65034 -3.27427  3.21586
 3.17443 -10.20959 -3.53741  9.65038 -3.27428  3.21585
 3.10876  2.35678  15.31215  2.91598  9.29207 -3.06732
 3.17445  14.92320 -3.53740  3.36721  3.27429  3.21588
 3.17443 -10.20959  2.74578  2.91598  3.00890 -3.21585
