-2.21036
-2.21037
-2.21037
-2.21036
-2.21036
-2.21023
-2.21034
-2.21036
-2.21037
-2.21036
-2.21033
-2.21036
-2.21036
-2.21031
-2.21036
-2.21031
-2.21033
-2.21033
-2.21036
-2.21023
-2.21037
-2.21023
-2.21037
-2.21023
-2.21023
-2.21034
-2.21036
-2.21036
-2.21023
-2.21036
-2.21034
-2.21034
-2.21034
-2.21036
-2.21038
-2.21038
-2.21034
-2.21034
-2.21034
-2.21034
-2.21033
-2.21038
-2.21033
-2.21033
-2.21034
-2.21033
-2.21034
-2.21034
-2.21034
-2.21034
-2.21036
-2.21034
-2.21036
-2.21038
-2.21038
-2.21033
-2.21034
-2.21033
-2.21034
-2.21034
-2.21033
-2.21036
-2.21033
-2.21034
-2.21035
-2.21035
-2.21036
-2.21032
-2.21038
-2.21032
-2.21035
-2.21038
-2.21035
-2.21036
-2.21032
-2.21035
-2.21036
-2.21035
-2.21032
-2.21032
-2.21036
-2.21038
-2.21038
-2.21032
-2.21032
-2.21036
-2.21032
-2.21038
-2.21035
-2.21032
-2.21038
-2.21032
-2.21032
-2.21035
-2.21032
-2.21038
-2.21037
-2.21038
-2.21035
-2.21036
