 3.10891  2.37577 -3.58172  3.49367 -2.91809 -3.29284  3.23584
 3.14956 -3.97139  9.69222 -3.47474  9.63367  2.93414  3.07649
-3.01944 -3.95938 -2.83885 -3.38676  15.81309  15.64735 -3.18224
 3.04055 -3.86747  9.89140  9.09366  3.38257 -9.20375 -3.05453
 3.12845  14.79051  2.76471 -3.35924 -3.07834  3.09039  3.18024
 3.06082  15.10147 -3.45569  3.42895 -9.26931  3.21158  3.14562
 3.08618 -10.23372 -9.83553  2.88062  9.36645  9.49633 -3.21787
 3.19623  2.20407  15.20671 -3.51337  9.67375 -3.29872  3.29735
 3.08074 -3.83828  9.87360 -3.27111  3.19553 -9.39454 -3.09023
 3.15022 -4.05131 -8.95587 -2.83089  15.54570  3.14523  3.11891
 3.20227 -3.99303  9.99764  15.29201 -3.45727 -9.27357  3.22966
 3.09403 -4.08625 -2.78007  2.90981 -3.24984 -15.56728  3.08223
 3.20474  8.40369 -15.32364 -3.36640 -9.38019  3.11502 -3.15015
 3.23539 -10.03026  2.81957 -9.55107  9.40533  3.13852  3.06626
 3.27725 -16.61031  3.62533 -2.84757  9.23165  3.36060  3.33265
 3.12899 -3.91597 -9.14911 -2.90795 -3.28723  3.17088  3.15654
 3.08273 -3.96749  9.80985 -22.14360  15.52363  2.98042  3.01082
 3.11247 -3.87795 -8.97942 -9.21715  3.13014  3.17980  3.08488
-3.13937  2.28212 -3.44988  3.33723 -3.11842  9.34037 -3.07091
-3.10717 -10.22147 -3.57261 -9.24670 -9.18816  3.26279  3.22028
 3.12168  8.47567 -2.67344 -9.63925  2.93817  9.30975 -3.15115
 3.12387 -10.33243  21.33124 -2.78767 -3.35834 -9.27075 -2.95072
 3.13975 -3.97508  3.76033 -15.52218 -3.11248  3.12916  3.08029
 3.13485  2.40598 -9.80879 -3.29877  9.44722  9.35016 -3.13173
 3.15492  2.37249  2.91998  2.97904  9.32137  3.26256  3.23569
 3.09422 -10.29064  15.41390 -3.52534 -3.00308 -9.52307 -3.11082
 3.03822 -3.88788  9.98147  2.71888  2.87907 -3.31594 -3.03717
 3.05122  8.68902 -21.59442 -2.89340 -9.72395  2.95134  3.02196
 3.12526  2.17270  9.16456 -2.86409  3.11726  3.04793  3.07334
 3.15405  8.65496  16.03764  3.27193 -3.03998  2.98210  3.01750
 3.11086 -3.82684  3.48461  3.26767  9.57920  2.88884  3.05626
 3.20609 -3.79768 -9.04357  3.44012 -9.33438 -3.17220  3.20726
 3.05200 -3.98204  9.81932 -3.42841  3.19968  3.30038 -3.08767
 3.15851  8.67716  9.87895 -3.38275  3.20638 -3.17734 -3.12383
 3.22295  2.30931  2.59245  2.79784 -15.93443  3.27485  3.18526
 3.18919 -10.22201  2.77961  2.88433  9.31227  9.47254 -3.23053
-3.08456  8.44333 -2.74100 -3.36950 -3.06025 -3.02844 -3.17006
 3.11815  8.53550  3.35430  15.69713  9.48635 -3.10095 -3.10829
 3.27466  8.39535  3.78230 -2.69874 -3.38892  3.32285 -3.14102
 3.23253 -3.95430  3.53065  3.33273 -2.97933 -3.38228  3.30397
 3.11218  21.29337 -2.66822  9.27860  3.15503 -3.06268 -3.14281
 3.19637  2.21164 -16.15234  3.45976 -2.91685 -3.48176  3.23260
 3.09202  2.23421 -16.02028  16.08440 -2.82860 -3.37505 -3.05199
 3.21320 -4.00436  10.06883  2.82174 -3.38513  3.38997  3.31829
 3.14560 -22.74939  8.86418 -2.76346 -15.93099 -3.01492  3.08154
 3.08729  2.48405 -9.90865 -3.39239 -3.04813 -3.10644  3.12941
 3.06713  8.59014  3.56028 -9.16431 -3.00115  3.11831  3.04092
 3.09895  8.45082 -2.54801 -3.66936  9.76550  3.02177 -3.16699
 2.95719  8.72700 -9.06048  3.37714 -9.21629 -9.26755 -2.96789
 3.10025  2.42330 -9.68922  2.99307  15.55538  3.07678  3.09920
 3.06452  2.40257 -9.80067  2.95680 -9.58924  2.94838  2.94551
 3.05847 -3.82386 -9.01376 -9.10499  3.37572  3.28466 -3.04065
 3.16330  15.05920  2.74735 -3.40282 -9.25974 -15.66514  3.10569
 3.13066 -3.93636 -2.60634 -9.70615  3.08582  9.36460  3.26070
 3.20291  8.47142 -8.69018 -2.71183 -9.74205 -3.24757  3.23971
 3.12222 -4.01607 -2.82230  9.32102  3.10290  3.05453  3.15017
 3.11027  8.72273 -9.11562 -2.91237  3.00607  15.62935  3.13166
 3.18446  8.67210 -2.80330 -3.44319 -9.28469 -3.08660 -3.17641
 3.20889  2.49357 -3.54123  3.31251 -9.22769 -3.07275  3.18122
 3.28500  2.36356  2.75470  9.07076 -2.88784 -3.27840  3.13241
 3.10297  2.48855 -3.50829 -3.01386  3.03749  2.97736  3.06410
 3.05066  14.87759  9.08625 -9.30978 -15.64684 -3.19095 -3.08746
 3.14904 -9.89717 -15.91568 -15.44659  2.91472 -9.56266 -3.10164
 3.09271  8.46547  3.68612  3.43973  9.52801 -15.77146  3.11358
 3.13141 -3.92459 -2.97927  3.09143  9.39969 -3.06351  3.00875
 3.24969  2.31914  2.68400 -9.58292  3.03171 -3.25258  3.19871
 3.14713  14.92458 -9.90333 -9.60852 -22.06848 -3.16758  3.21718
 3.13177 -10.23772 -3.64617  3.34809 -9.31340  3.24686  3.18862
-3.13965  8.56852  3.60065 -9.24224  3.20342 -3.28949 -3.00063
 3.17790  14.97505 -3.45916 -2.97967 -3.11521 -3.12008  3.15747
 3.18685  2.35097  15.31625  9.21436  9.49995  9.25796  3.22798
 3.06625  2.27763  2.75140 -9.70542  9.22839 -9.26682 -3.04866
 3.21455  2.39359  15.42693  2.97079  3.02747 -3.20999  3.13982
-3.17179  8.54353 -2.55253  2.82155  2.96629  3.03732  2.97424
-3.18052  8.51298  3.78995  3.46871 -2.91857 -3.28580 -3.10397
 3.21682 -3.93693  16.07083  9.54736 -9.49763 -3.29679  3.19258
 3.25761 -3.85361 -2.77226  9.24946  3.29932 -2.97696 -3.22473
 3.13992  2.28953  9.00850 -2.86057 -3.35226 -3.08609 -3.24976
 2.99555 -10.24311 -9.94792  34.35411  9.57896 -3.25798 -3.01800
 3.00789  2.23045  15.31320 -15.91489  22.12842  9.14683  9.67040
 3.04845 -3.98102  3.60814 -2.94143  9.28154 -9.27545 -3.05999
-3.10721 -3.89050 -15.33210  9.24138 -15.63711  3.24001  3.26729
 3.03756  2.27763  2.60506 -15.94800  9.55297  3.02395  2.98799
 3.25014  2.53200 -9.71704 -9.49509 -9.45593 -3.16205 -3.12546
 9.44976  2.47466  9.16937 -3.07728  9.28459 -3.21991  3.16527
 3.13327  8.74709  3.38079  3.38402  3.35177 -9.25370 -3.06935
 3.07466  14.82621  2.70373  9.10444 -9.22212 -9.27601 -3.05274
 3.09427 -3.90715  3.43524  3.24164  3.20675  3.28533  3.08942
 3.02687  2.27557 -10.02962 -3.30163 -15.58512  2.92295  2.91172
 3.14145  2.46691 -3.43937  3.26651  3.20031 -3.18202 -3.15480
 3.23271 -4.08208  3.60097 -2.97420  9.45654  3.27777  3.26975
 3.14869  2.32634  2.72581 -3.62251  3.38189 -9.33377 -3.00817
 3.13779  2.54824 -3.39114  3.21550 -2.95889  2.98271  3.06913
 3.15728  2.42535 -3.64176  9.79549  2.86156  9.22875 -3.09931
 3.04200 -3.82862 -9.26848  3.08826 -9.49663 -3.26448 -3.00465
 3.05728  2.14149  2.69432  3.04329 -9.50339 -3.14725  3.12770
 3.08664 -10.20961 -3.69271  9.64627  3.08958 -3.22022  3.18963
 3.06428  8.56772  3.78818 -2.68024  2.70682  2.82946  2.90376
 3.11164  2.32403  15.21878  2.77822  3.08844  21.88507 -3.11508
 3.23105 -16.40131  16.07873  15.94024 -2.97987 -9.67909 -3.27726
