-2.13351
-2.18513
-2.11187
-2.20793
-2.18591
-2.18563
-2.24023
-2.06913
-2.11389
-2.27311
-2.21832
-2.07430
-2.10765
-2.10348
-2.01950
-2.06447
-2.12075
-2.11940
-2.11234
-2.15174
-2.09102
-2.17151
-2.07979
-2.10702
-2.13147
-2.21336
-2.02917
-2.19053
-2.23488
-2.24103
-2.21437
-2.11358
-2.18260
-2.23031
-2.07863
-2.23138
-2.16338
-2.03557
-2.10285
-2.13532
-2.16757
-2.06706
-2.20689
-2.11084
-2.21036
-2.08154
-2.13068
-2.22474
-2.12685
-2.27467
-2.24467
-2.13186
-2.22659
-2.01297
-2.15076
-2.21679
-2.16668
-2.07463
-2.10520
-2.21077
-2.27425
-2.10792
-2.20759
-2.23910
-2.12539
-2.17929
-2.15452
-2.03461
-2.29890
-2.18662
-2.13584
-2.20307
-2.15824
-2.20262
-2.09161
-2.22487
-2.22195
-2.16442
-2.08447
-2.16231
-2.09901
-2.16949
-2.20588
-2.16407
-2.18645
-2.28748
-2.35961
-2.08072
-2.07207
-2.13887
-2.04775
-2.20925
-2.11126
-2.33296
-2.20175
-2.05553
-2.04344
-2.04384
-2.15255
-1.96179
