 3.20856 -3.88728 -2.81315 -3.37420
-3.02293  2.33395 -3.55332  3.39698
 3.18242 -3.89473  3.52652  3.37029
 3.18727 -4.04887  3.50493  3.30660
 3.27295  2.28091  2.69369 -3.36736
 3.13728  2.40152  2.78099  3.03821
 3.08420  2.45194  2.76911  3.01804
 3.03990  2.36536  2.77398  2.92810
 3.03018 -3.94970  3.53378 -2.91601
 3.23297 -3.85554  3.44946  3.29940
-3.23266  2.37551  2.77663  2.89106
 3.08778  2.34568  2.75192  3.01067
-3.10315  2.32213 -3.50141  3.31885
-3.22860  2.34461  2.72839  2.97184
 3.05200  2.32903  2.75149  2.94951
 3.02931 -3.87269 -2.77796  2.92645
 2.98537  2.34085  2.72123  2.89395
-3.20143  2.30084  2.70833  2.89481
 3.19908 -3.87612  3.50434  3.33181
 3.00229 -4.04272  3.63693 -2.87184
 3.01883 -3.89443 -2.73416  2.98287
 3.18116  2.35777  2.78671 -3.34509
 3.10742 -3.93821 -2.71833  2.93456
 3.19800 -3.89480  3.43771  3.32812
 3.10651  2.30310  2.83883  3.06142
 3.17587  2.40386  2.78859 -3.31883
 3.07884 -4.05239 -2.71699  2.94686
 3.16665  2.37599  2.76319 -3.28896
 3.16705 -3.92636  3.49015  3.24922
-3.06028  2.35119 -3.49793  3.36131
-3.23982  2.29328  2.71448  2.86687
-3.20419  2.34404  2.77138  2.97430
 3.18213  2.41423 -3.59304  3.36541
 3.04033  2.27406  2.70487  2.93288
 3.05514  2.34837  2.75549  2.92489
 3.08953  2.37920  2.70026  2.90056
 3.11586  2.42219  2.80102  2.95366
 3.23695  2.32802 -3.56429  3.38778
 3.23945  2.32051 -3.59832  3.37886
-3.22639  2.38799  2.75182  2.95806
 3.10024  2.41001  2.78478  2.94432
 3.12825  2.36461  2.81074  3.03288
 3.23857  2.36307 -3.50396  3.31549
 3.27581  2.25407 -3.57289  3.42939
 3.21524  2.27093 -3.52872  3.33935
-3.05056  2.32485  2.73524 -3.39754
 3.08647  2.41505  2.81024  3.03866
 3.02904  2.45949  2.84026  2.94194
-3.21792  2.34352  2.83602  2.98680
 3.08549  8.69055 -2.77739  2.93566
 3.08160  2.34516  2.71412  2.95542
 3.04111  2.48285  2.86881  3.00497
 3.05795  2.35489  2.77153  2.92321
 3.04635  2.45964  2.82769  2.98752
-3.20261 -3.89227 -2.79124  2.98077
 3.07886  2.33938  2.81316  2.97499
 3.03381  2.37593  2.73510  2.92064
 3.19074  2.36076 -3.54363  3.29643
 3.06700  2.30839  2.81629  2.99888
 3.17735  2.42937 -3.44734  3.29420
 3.06248  2.42517  2.75330  2.96160
 3.11022  2.35124  2.85958  3.03561
 3.09440  2.44304  2.77796  2.97290
 3.12335  2.37009  2.78758  3.01166
 3.09035  2.35172  2.70987  2.89615
 3.06769 -3.94086 -2.72111  2.96525
-3.14939  2.42634  2.79567  2.95243
-3.03596 -3.87957  3.53928  3.35707
 3.07979  2.39709  2.77826  2.97504
 3.05029  2.40669  2.80364  2.93445
 3.06588 -3.91534  3.45037 -3.00882
 3.25463 -3.90644  3.51729  3.29150
 3.08493  2.37363  2.79932  2.92469
 3.06464 -3.89073  3.50448 -3.00368
 3.04733  2.38834  2.89580  2.95527
 3.24681 -3.89066  3.59652  3.43976
 3.23218 -3.83962  3.49645  3.33266
 3.22873 -3.91134  3.49549  3.30388
 3.26840 -3.88603  3.54094  3.38753
 3.06637  2.39766  2.81213  2.94469
 3.06336  2.37438  2.73826  2.93369
 3.05413  2.35606  2.70614  2.95657
 2.99930  2.35055  2.77923  2.97871
 3.23197 -3.92618  3.49203  3.32872
 3.22344 -3.93229  3.47077  3.35576
 3.06116  2.38223  2.77590  2.99338
 3.07704  2.40722  2.81015  2.94712
 3.06073  2.32527  2.79763  3.02332
 2.95732  2.30365  2.70190  2.83386
 3.06309  2.31620  2.69058  2.93258
 3.08288  2.42470  2.72848  2.99984
 3.02011  2.35787  2.66712  2.85466
-3.04467  2.42808  2.78601 -3.34059
 3.19050  2.37773 -3.48180  3.33795
 3.03191  2.43893  2.81794  2.91901
 3.26122 -3.96323  3.54970  3.30001
 3.22021 -3.90575  3.53513  3.34421
 3.07690  2.41093  2.82128  2.92980
 3.28743  2.36053 -3.55723  3.33158
 3.22029  2.36795 -3.52364  3.30499
