 1.27324 -0.23553  1.51060  0.88479  0.43736  1.00017  1.46435
-0.04733 -0.36950  0.28124  0.64149  1.30389  0.74304  1.14203
 0.08528 -0.07088  0.37582 -0.31477 -1.19702 -0.75575  1.02480
 0.31523  0.27113  0.72725  1.02056 -1.06755  0.10091  0.15755
-0.41358  0.39223 -0.21428 -0.62220  1.20283  0.73457 -1.32796
-1.52633  1.49541 -0.01681  0.52570 -1.00206 -0.46159 -0.62646
 1.27742  1.01865  1.26838  1.08559  0.81712  0.41860 -1.00950
 0.02867  1.53196 -1.26562  1.50590 -1.38770  1.42233  0.89020
-0.14515  0.17575 -1.46927  0.81238  1.40005  0.59373 -1.46005
-1.07939  0.51014  0.85375 -0.37488  0.14771 -1.55188  1.30580
-1.17393  0.38178  1.06019 -0.98751 -1.55498  0.42371  1.03661
-0.03241 -1.55167  1.04742 -1.01058 -0.59460  1.51864 -1.38888
-0.97243 -0.81469 -0.88975  0.81720 -0.92818 -0.16245 -0.09788
 1.51415 -1.43187 -0.36040  0.31403 -0.09676 -0.41987 -0.89808
 1.10094  0.53130 -1.23771 -0.42998 -1.36887  0.94468 -1.24536
 1.08819 -1.31935  1.49696  0.81628  1.47368 -0.17532  1.53651
-0.36272  0.20655  0.56849  1.41407 -0.35226  1.19497 -0.36853
 0.07174 -0.69814  0.73508  0.77065 -0.86095 -1.47937 -0.92773
-0.01674  1.21822 -0.21416  1.17053 -1.00379 -0.33247 -1.44465
-1.14730  0.10265 -0.45301  0.90335  1.36140 -0.28621  1.26788
-0.32694 -1.50173 -1.39146 -0.67407 -0.97685 -0.31281  1.40905
 0.19911  1.15221  1.31426 -0.74342 -0.49279  0.25012 -1.04132
 0.53329  1.26983  1.18385  0.86276  0.36929  0.11788  1.05400
-1.32847 -0.25036  0.41146 -0.55590  1.41195  1.49762  0.12088
-0.39198  0.30736  0.88937  0.13620  1.35560 -0.59531  0.43837
-0.05118 -1.12421 -1.50269 -1.39948 -1.30168 -0.96476  1.00810
-0.77205  1.37080 -1.20085  1.18231  0.17172 -0.87313  0.24617
 0.33035 -0.64677 -1.31271 -1.06124 -0.51548  1.27390  1.23099
-0.07529 -0.43466  0.88408  0.08661  0.07282 -0.71673  1.50133
-0.16461  1.26491  0.50305 -0.44080  0.00224  1.50299 -1.02824
-0.35561  0.93451 -0.55253 -0.69070 -1.21157 -0.46022  0.16832
-0.44749  0.53448 -1.50689  0.15511 -0.43475 -0.49399  1.11861
-0.31822  1.44638  1.12899 -0.91458 -0.23087 -0.30320  0.00625
-0.11250  0.68978  0.35772 -0.99352 -0.64851  0.04874 -1.17390
 0.39197  1.36028 -1.28629  1.07449 -0.13154 -1.51545 -0.99486
-0.10580  1.05083 -1.12478 -0.01315 -0.87319  1.44281  0.50997
 1.25147 -0.77274  0.37813  1.31842 -0.11652  0.45664  0.47758
-1.34036  1.47818  0.13242 -1.26569 -0.72514 -0.11377 -0.55863
-0.19906  1.39298  0.83181 -0.19445 -1.36147 -0.80718 -0.99999
 1.08445  1.43513 -0.40081 -0.67097  1.26444 -1.20563 -1.23372
-0.45854  0.12914 -0.96623 -1.34084  0.84013  0.33226  0.57705
 0.42481  0.23046 -1.52969  0.17473 -0.45499 -1.33014 -1.47343
-1.47530  1.24840 -0.96463 -1.01481  0.91184 -0.47329  1.15572
-0.67114  0.60540  0.25817  1.14283 -1.19769 -0.65039  1.56926
 0.58247 -0.26605 -1.52914 -1.56547 -0.40033  0.14548 -0.07376
-0.52427  0.27016  0.64426 -1.14745 -0.18641  1.08023 -0.15899
-0.27392  0.26097  0.94329  0.69359  0.93907  0.45033  1.34520
-1.43257 -0.80614 -1.23490 -0.59320  0.76868  1.18224 -1.11388
 0.56845 -1.21542  0.92641  0.03881  1.42408 -0.74850 -1.50218
-0.17532  0.13682  1.25343 -1.07641  1.33561  0.84694  1.11509
 0.51495 -0.58912  0.17735 -0.91814  0.02833  1.07704 -0.06822
-0.79186 -1.18310 -1.53939 -0.45678  0.05225 -1.47825  0.96797
-0.14409 -1.11530  1.20668  0.41561  0.38079  0.21445  1.00624
 0.96520 -0.00129  1.25845 -0.67628  0.27334  0.27867  1.20911
 0.01172 -0.09465  0.33751 -0.57949  0.55119 -1.47659  0.18619
 0.70365  0.37862  0.72153  0.44566 -0.50836  0.85621  0.24774
-0.38967 -0.89455 -1.00025 -0.27998  0.37641  1.15988  1.23106
-0.54086  1.30933  0.78213 -1.28667 -0.35481 -1.33274 -0.35671
-0.67284  0.25780  0.25939  1.38184  1.31955  0.14897  0.00515
-0.20585 -0.30489 -1.31579  0.56444  1.39917 -1.31267  0.09901
 0.30316 -0.47528  1.23488  0.05623  1.16135 -0.48388  0.26990
-0.75292 -0.21595 -0.13150 -0.24273  0.47133 -0.56250 -0.88614
 0.10791 -0.75261  0.29203  1.21231 -0.86724 -0.40869  0.21161
-0.10400  1.27724 -0.45890  1.34823  0.45710  1.06018  0.54697
-0.19459 -0.68566  0.04431 -0.73149 -0.07426 -1.14066 -0.14994
 0.13041  0.52650 -1.04687 -0.37827 -1.36000 -1.43681 -0.86674
-0.77777  1.54624  1.02802 -1.27516 -1.29476 -0.19818  0.60514
 0.28097 -1.26058 -0.25674 -0.40848  0.77320 -0.14598 -0.79610
-0.85528 -1.47740  0.35426  1.01695 -1.21100 -0.72859 -0.59537
-1.39835 -0.92613  1.40526 -0.22818 -1.07227 -0.43164 -0.11212
-0.08410  0.74403 -1.48235 -0.57033 -0.61751  0.23927 -0.26047
-0.32245 -0.53749 -0.36718 -1.25621  0.40434 -0.02003  1.25488
 1.31687 -0.17170 -1.02670 -0.68506  0.60166 -1.56590 -0.43392
-1.14165  1.43303 -0.40648  1.48207  1.32280 -1.13733  0.65144
 1.39455  0.96242 -0.97224 -0.20403  1.45390 -0.95334 -0.00696
 0.66151 -1.39577 -0.40284 -1.17826  0.25996  0.92013 -0.91235
 0.32030  1.44927  0.40450  1.16721  1.44673  0.42112  0.73296
-0.46959 -0.26618  1.44579 -1.04601 -0.42923  1.51842  0.55792
-0.46874 -0.14921 -1.46744  0.04194 -1.30817  0.50551 -0.06923
-0.16924 -0.70267  1.45902 -1.17997 -1.22617  0.44711  0.05481
-1.27251 -0.09375 -0.90271  0.24619  0.55294 -1.13232 -1.01150
-0.93982 -0.99331 -0.45516  0.21642 -0.87119 -0.79338 -1.54216
 0.40535  1.22018  0.83025 -1.35830  0.30261 -0.48131 -0.85473
 1.43183  0.46812  1.18797  0.30445 -0.20382 -0.36996 -1.43039
-1.16850 -1.21404 -1.08663 -0.82202  1.26626 -1.53342  0.85826
 1.52124  1.41095  1.44940  1.35704  1.06734  0.66849  0.51496
 1.34957  1.06311 -0.41899  0.80854  0.55365  1.03052 -0.37137
-1.10317  1.04894 -1.37884  0.26479  1.26161  0.37936  1.54112
-0.32531 -0.65676 -0.22288  1.05632  0.08215  0.79922 -0.26291
 1.02665 -1.24912  0.39925  0.21477  0.67011  1.09805  0.96214
-1.45158 -0.80331  0.04965  1.16839  0.96201 -0.75345  1.04860
 0.99550 -0.01562  1.33269  0.81869  0.54760  0.29310 -0.05400
 1.24713  1.28984 -0.37146  0.30774  1.45180 -0.60646 -0.23738
-1.13883 -0.79073  0.85807 -0.30771  1.28207 -0.67440  0.68639
-1.10290  1.34573  0.17184 -0.33067 -0.34434  1.39788  1.32067
-1.00459 -0.10978 -1.42975  1.38091  1.55847 -1.14601 -0.91483
 1.42753  0.56049  0.42394 -0.59958 -0.07605 -1.25941 -1.04465
-0.17692 -0.08908  1.50014  0.74931  0.53624 -0.87833 -1.09611
-0.51598 -0.61690  0.40872 -0.19472 -0.24709  0.26416  1.08464
-1.53953 -1.11820  0.03071 -0.33192  1.38179  0.13722 -0.77870
