 14.46353  16.94487  5.56058
 8.20232  4.36735  18.05171
-13.79398 -11.34321 -5.52665
-1.22446 -5.06618  7.04401
-4.36680  4.37834 -0.78373
 17.63197  13.77320  13.32088
-1.20344 -5.07950  0.77360
 8.22246  10.62556  5.51671
 5.09271  7.48613  7.05883
 5.07971  7.49118 -5.49153
 1.93601 -1.92626 -19.60653
-4.36595  4.36456 -7.02298
-7.48420 -11.36295 -11.74290
 20.74396  23.23787 -7.04114
-4.36078 -8.22245  18.07913
-4.32763 -8.23168  5.53099
-26.32576 -30.21268 -30.63050
 5.07529  1.20191 -11.80267
 14.48797  16.94070  18.13854
 5.02688  7.54191 -11.83198
-4.35694 -1.91455 -13.34102
-4.38880  10.67769  18.11403
 1.93371  4.34036  18.11818
 8.20268  4.36372  24.36763
 8.19336 -8.18591 -0.76714
-23.21234 -27.06405 -0.74967
-4.34056 -8.22790 -0.74553
-13.82056 -5.04421 -11.86190
-13.76260 -5.07995 -11.79840
 5.05954  7.51173 -11.79274
 1.87174 -8.17809 -7.05244
 17.64155  13.78699  0.77482
-4.37916 -1.88042  5.51341
-1.21834 -5.05891  7.02311
 5.08147  1.19796  7.06073
-4.35325 -1.93457 -13.33811
-4.37729  4.38338  5.54822
 1.94013 -1.93133  11.76890
-4.35965 -8.21434  11.80566
-7.50853  1.22402  0.73103
-4.37855 -1.91753 -13.28096
-16.89863 -14.51523 -13.35019
-4.37801 -1.91505  5.51561
 1.94578 -1.94275  5.47768
 1.92449  4.35579  5.56266
-1.24860  1.24734 -11.78070
-10.65059 -8.21161 -7.07930
 8.22012  10.64954  30.68845
-13.83713 -11.30862 -11.80326
 1.94733 -1.95711  5.49641
-1.23567  1.23252 -18.14812
 8.18636 -1.90049  30.62463
-4.34179  10.62041 -7.04157
-13.78973 -5.05489 -18.01597
 1.92222  4.38918 -19.64195
-4.38037 -1.89959  5.50638
-4.32334 -8.24675 -0.77397
 11.32987  13.79290 -11.79878
 20.79814  23.22078  11.81177
-10.65006 -14.47473  30.65192
 8.21574  4.35845  11.77912
-1.20925  7.49881 -11.79757
 5.06595  7.50518  13.32947
 5.08361  7.48448 -24.39275
-4.34853  4.36070 -0.73951
 1.92467 -1.92647  5.52979
-4.37041 -1.90968 -0.81353
-1.22049  1.21283  7.06421
-4.35875 -1.91738 -25.86841
 17.65111  13.76545  7.07730
-10.65142 -1.91728  5.52859
 14.47537  16.92386  30.67487
 1.92426 -8.20160  5.49564
 1.91559 -1.92760  18.11342
 1.93424 -8.18508  11.81386
 5.08427  7.49905  13.36813
 5.06599  1.21829  7.03468
 17.61826  20.09185  13.30653
 1.93994  10.63670  18.04235
-13.76521 -11.35365 -5.55345
 17.64480  13.77400 -18.04533
-10.63806  4.36638 -13.33721
-1.19673 -5.07064  0.74542
-4.34691 -8.20229 -7.02669
 8.22248  16.92521  11.79525
-1.20212  1.20441 -11.77369
-1.21893  1.20480 -11.81189
 8.21856  4.35347 -0.76127
 8.20187 -1.93784 -0.79582
-7.47294  1.18820  0.76770
-1.24146  7.52764 -5.48841
 11.37240  7.48219 -11.78762
 14.50751  4.33906 -25.89388
-13.75847 -11.37418  0.76777
 8.22064  4.35590 -0.78801
-7.51698 -5.04438 -11.79038
-7.49705 -5.06042 -5.53813
 11.34989  7.50580 -11.79356
 1.92836  4.34547  5.49384
 17.62961 -11.34778 -30.66746
