-4.14562  7.86097  9.06523  25.84960 -4.64108  1.60360  17.28196
-32.41884  1.57856 -19.20876 -13.28406  4.64066  4.67983 -7.85003
-1.00030 -3.13378 -14.49652 -21.13405 -0.00410 -34.59148  0.07321
-35.55920 -7.84574 -3.50043 -2.42329  1.49854  26.73682  7.85098
 24.13245  21.99896 -11.35493 -5.42608 -9.42888 -9.45874 -9.35156
 27.27213 -9.41679 -17.63842 -13.42088  12.56332 -31.38298  28.20321
 5.28027  1.57856  15.34876  14.99028 -17.35049 -7.88655 -4.70843
 14.70629 -10.98734  12.20753  13.28467  20.34809 -1.53751  1.56780
 20.98895  18.85754 -14.49683  14.85345  6.28013  3.17454 -9.49590
-35.56155  1.57779  12.20682 -27.55748  29.91644  1.60360  7.85718
-4.14379 -50.25750 -36.48798 -19.70407  21.98809 -34.52457  31.34480
 8.42069 -21.98405 -8.21269 -7.13421 -3.13810  34.59027  9.49675
-13.57068 -31.40827 -1.93130 -30.56725  9.42822 -9.45629 -31.48638
-22.99524  0.00710 -20.77906  17.99853 -6.27969  25.16549 -6.21121
 20.98895  3.14958 -8.21364 -16.56248 -28.27739 -18.81661 -25.20387
 8.42069  28.28143 -5.07110 -10.27580  0.00349  9.45753  0.07198
-4.14379  37.70710 -30.20479 -0.85451 -3.14465 -3.10864  6.21206
-10.42645  17.28700  21.63231 -14.98966 -23.63420  1.60408  7.85098
 20.98947  4.72063 -0.35884  19.56786 -20.49261 -23.52866 -1.57379
 2.13992 -1.56256 -9.78362 -2.42329  20.34809  14.17045  32.98373
-1.00292  32.99449 -9.78398 -10.14247  1.49907  23.52938 -4.70843
 17.84524  3.14925  7.49348 -2.29292  3.14503 -25.16425 -0.07045
 27.27031  23.56894  5.92363 -27.55748 -4.64108  23.59475  4.71559
-16.71205 -12.55927  29.48642 -32.26695  0.00349 -25.09999 -18.77758
-19.84985  12.57418  1.21144 -11.70927  6.27909 -6.31715  18.92277
 20.98712 -7.84699 -22.35070  7.00004  4.78370  11.02838 -23.55874
-4.14327 -4.70415  2.78275 -21.27285 -20.49261 -32.95344  17.27576
-13.56667 -9.41697 -11.35493 -11.70927  9.42068 -15.74193  9.49799
 8.42069  15.71506  10.63686 -7.13421 -9.42129 -3.10884  3.21357
 20.98947  7.86222 -3.50043  28.99263  23.48969 -14.10388 -20.42335
-13.57068 -3.13393 -11.35607 -2.29292 -9.42134 -6.31469 -6.35364
-4.14562 -1.56380 -9.78433  13.28323 -32.91541  23.59475 -23.55874
 24.12910  34.56474  23.20386 -39.98607 -43.98524  9.39209 -6.21126
 30.41285 -9.41707  13.77684  3.99092 -21.98800 -0.03223  12.49535
-10.42544  3.14941  16.91715  27.41806 -9.42889  12.59936 -6.35566
-7.28683  21.99837  16.92068  3.99623  6.28024 -34.59020  0.07192
-16.70863  6.29100  13.77556 -13.42265  15.70385 -9.39179  6.21071
-4.14150 -7.84630  15.34672 -46.40919  1.49838 -17.24566  39.26596
 20.98889  15.71523  7.49368 -3.99041 -25.12907  40.87350  37.77058
 33.55437  4.71969  18.48947 -33.83550 -48.62267 -14.10411 -26.69996
 27.27367  15.71578  7.49237 -7.13946 -0.00411 -25.09975 -9.49725
-16.70863  9.43259  10.63396 -22.84743 -21.99526  0.03299 -12.63884
-7.28536  14.14488 -6.64326  11.84477  4.64060  23.52917 -14.13412
-4.14226 -12.55855 -8.21559  2.28531 -0.00411  3.17458 -40.91318
 8.42162  4.71969 -9.78486  0.72202 -45.48108  4.74545 -29.84155
 24.12910  3.14882 -14.49525 -2.28696 -6.28613 -9.45746 -6.21126
 5.28101 -4.70468 -22.35123 -10.14638 -23.63373  10.96280  1.57385
 2.13934  15.71523  4.35208 -0.84882 -28.27066  28.30713  9.49625
 11.56269 -20.41312  21.63202 -6.99939 -17.20738  4.67993 -1.57386
 2.13844  29.85243  21.63107 -24.41072 -32.91471  11.02863  20.42393
 11.56272 -3.13437 -1.92888 -21.13651 -25.13568  15.67528  6.35511
-1.00307  18.85726 -14.49749 -5.43386  15.71111 -22.02338 -0.07102
-19.85173 -1.56308  24.77266 -32.13753 -11.06736  7.82120  7.85703
 5.28011 -12.55867  13.77684 -21.14183 -18.84641  21.95891  15.63694
 5.27954  15.71519  10.63749 -8.57014 -6.28613 -9.45746  0.07192
-4.14475  4.71969 -6.64327  3.86361  26.77556 -39.23685 -7.85040
 20.98799 -20.41305  2.78151 -5.56116 -1.49878  29.87819  14.14075
 14.70571 -12.55910  16.91845 -19.69838 -12.56270 -6.25039  6.35465
-13.57002 -18.84233 -23.92003  7.13782 -25.13568 -12.59906  0.07192
 2.13844  1.57809  21.63107  0.72202  1.64281  7.88704  10.99915
 11.56269 -1.56357  15.34883 -19.56576  20.49173 -14.16962  10.99251
 17.84591  3.14882  1.21271  0.85464  3.13865  15.67528  3.21352
-4.14150 -14.12949 -9.78602 -21.27645 -4.78480 -17.24566 -17.28271
-10.42793  4.71969 -0.36008 -2.41957  14.20918 -7.82092 -1.56722
 17.84758 -36.12054  5.92336  11.84731  10.92311  42.37845  4.71588
-26.13472  11.00335  2.78177 -22.71021 -1.64326  26.67049  10.99907
 2.13468 -10.98815 -34.91689 -8.70362  4.64104 -14.10525  23.55869
-32.41673 -6.27550  13.77751 -30.56443 -18.85305  18.81693  25.20456
 8.42101 -6.27574 -20.78097 -22.84188 -0.00360 -21.95863 -15.77946
 30.41513  0.00768 -5.07204  7.13468  6.27969  18.81693 -12.49455
 8.41787 -20.41292 -12.92574 -5.56203  4.64104  14.16908  10.99232
 33.55364 -12.55900 -30.20409  33.70434 -9.42087  6.31600 -3.06886
-4.14536  3.14904 -1.93142  27.42360  21.98755  12.59889 -25.20424
-13.56525 -26.69604 -22.35290  18.13086 -17.20539 -1.60397  17.27532
 2.13782  18.85701  4.35177  21.14041 -18.85315 -34.52500  9.35328
-35.55806  23.56955  9.06489  25.85008 -26.62985 -1.53708 -4.70862
-4.14547 -12.55900 -14.49612  30.56275 -12.56246  0.03281  0.07273
 8.42424  4.71999 -9.78466 -18.13222 -39.19622 -20.38663 -4.70862
 2.14105 -7.84638  21.63126  7.00052 -39.19622  23.59566  26.70730
 8.42090 -40.83334 -30.20409  8.57160  18.85346 -21.95834  0.07273
 8.42090  0.00737  10.63662  17.99638  12.57028  0.03281  12.63910
 2.13468  17.28619 -19.20893 -5.56203  29.77378 -23.53003 -14.14042
-1.00080  40.84839  1.21114  13.41786  3.13810 -3.17422 -3.06977
 20.98738  25.14019 -5.07301  11.71564  3.13800 -9.39226 -0.07149
 39.83379  7.86141  18.49018  13.28753 -23.63329  23.59386  20.41710
 24.13387 -10.98808 -3.50335  11.84767 -7.78061  7.82081 -17.28220
 5.28121 -26.69577  5.92336  11.84731 -29.91760 -23.59500 -10.99208
 20.98424  7.86141  18.49018 -18.12840  1.49945 -1.53888 -29.84838
 5.28121  4.72016  27.91451 -10.14384 -1.64326 -11.02862 -1.56731
 11.56557 -9.41709  1.21114 -11.71488 -15.71146  3.10896 -34.48570
 2.13468 -7.84655 -25.49211  0.72116 -1.64214  7.88590  23.55869
-1.00197 -17.27099  5.92336  36.98005  4.63992 -1.60385  23.56544
 8.42101 -6.27574  1.21018  24.28201  21.98755 -9.39226 -0.07149
 11.56440 -26.69577  2.78177  2.42253  29.77266  45.52004 -26.70005
-10.42865  12.57374 -5.07135  2.28842  3.14550 -25.09993 -3.06886
-29.27821 -9.41741  10.63662  30.56275  3.14550 -15.67515  15.78070
-10.42793 -6.27565 -8.21410  46.26817  12.56220  9.45714 -40.91242
 14.70585  20.42811 -3.49982 -8.70847 -14.20997 -7.82153  17.27518
-7.28274 -4.70484 -22.35001  21.27336  7.78063 -14.17038 -23.55858
 11.56589  3.14943  4.35108  7.13375 -6.28025  18.81670  9.35258
