 3.06244  2.36755  2.76816  2.95245
 3.06244  2.36755  2.76816  2.95245
 3.06244  2.36755  2.76816  2.95245
 3.22072 -3.91560  3.51497  3.33069
 3.06244  2.36755  2.76816  2.95245
 3.06247 -3.91560 -2.76818  2.95250
 3.06244  2.36755  2.76816  2.95245
 3.06244  2.36755  2.76816  2.95245
 3.06247 -3.91560 -2.76818  2.95250
-3.06246  2.36758  2.76819 -3.33070
 3.22072 -3.91560  3.51497  3.33069
 3.22072 -3.91560  3.51497  3.33069
 3.06244  2.36755  2.76816  2.95245
 3.22074  2.36757 -3.51499  3.33071
 3.22074  2.36757 -3.51499  3.33071
 3.06244  2.36755  2.76816  2.95245
 3.22074  2.36757 -3.51499  3.33071
 3.06247 -3.91560 -2.76818  2.95250
-3.22073  2.36758 -3.51496 -2.95248
 3.22072 -3.91560  3.51497  3.33069
-3.06246  2.36758  2.76819 -3.33070
 3.22072 -3.91560  3.51497  3.33069
-3.22072 -3.91560 -2.76818  2.95250
 3.22074  2.36757 -3.51499  3.33071
-3.22072 -3.91560 -2.76818  2.95250
 3.22072 -3.91560  3.51497  3.33069
 3.06244  2.36755  2.76816  2.95245
-3.22075  2.36755  2.76816  2.95245
 3.22072 -3.91560  3.51497  3.33069
 3.22074  2.36757 -3.51499  3.33071
 3.06244  2.36755  2.76816  2.95245
 3.06247 -3.91560 -2.76818  2.95250
 3.06246  2.36758  2.76817  2.95247
 3.06246  2.36758  2.76817  2.95247
 3.06246  2.36758  2.76817  2.95247
 3.06246  2.36758  2.76817  2.95247
 3.06246  2.36758  2.76817  2.95247
 3.06246  2.36758  2.76817  2.95247
 3.06246  2.36758  2.76817  2.95247
 3.06246  2.36758  2.76817  2.95247
 3.06244 -3.91564 -2.76818  2.95247
 3.06246  2.36758  2.76817  2.95247
 3.06246  2.36758  2.76817  2.95247
 3.06244 -3.91564 -2.76818  2.95247
 3.06246  2.36758  2.76817  2.95247
 3.06246  2.36758  2.76817  2.95247
 3.06246  2.36758  2.76817  2.95247
 3.06246  2.36758  2.76817  2.95247
 3.06246  2.36758  2.76817  2.95247
 3.06246  2.36758  2.76817  2.95247
 3.06246  2.36758  2.76817  2.95247
 3.06246  2.36758  2.76817  2.95247
 3.06246  2.36758  2.76817  2.95247
 3.06246  2.36758  2.76817  2.95247
 3.06246  2.36758  2.76817  2.95247
 3.06246  2.36758  2.76817  2.95247
 3.06246  2.36758  2.76817  2.95247
 3.22072 -3.91560  3.51497  3.33069
 3.06246  2.36758  2.76817  2.95247
 3.06246  2.36758  2.76817  2.95247
 3.06244  2.36757 -3.51496 -2.95249
 3.06246  2.36758  2.76817  2.95247
 3.06246  2.36758  2.76817  2.95247
-3.22073  2.36758  2.76817  2.95247
 3.06246  2.36757 -3.51500 -2.95248
 3.06244  2.36756  2.76818  2.95247
 3.06244  2.36756  2.76818  2.95247
 3.06244  2.36756  2.76818  2.95247
 3.22074 -3.91563 -2.76820 -3.33072
 3.06246  2.36757 -3.51500 -2.95248
 3.06244  2.36756  2.76818  2.95247
 3.06244  2.36756  2.76818  2.95247
 3.22073  2.36758 -3.51499  3.33070
 3.06244  2.36756  2.76818  2.95247
 3.06244  2.36756  2.76818  2.95247
 3.22073  2.36758 -3.51499  3.33070
-3.22074  2.36756  2.76818  2.95247
 3.06244  2.36756  2.76818  2.95247
 3.06244  2.36756  2.76818  2.95247
 3.22073  2.36758 -3.51499  3.33070
 3.06246  2.36757 -3.51500 -2.95248
 3.06244  2.36756  2.76818  2.95247
 3.06244  2.36756  2.76818  2.95247
 3.06244  2.36756  2.76818  2.95247
 3.06244  2.36756  2.76818  2.95247
 3.06244  2.36756  2.76818  2.95247
 3.06246  2.36757 -3.51500 -2.95248
 3.06246  2.36757 -3.51500 -2.95248
 3.06244  2.36756  2.76818  2.95247
 3.06244  2.36756  2.76818  2.95247
 3.06244  2.36756  2.76818  2.95247
-3.06244 -3.91563 -2.76820 -3.33072
 3.06244  2.36756  2.76818  2.95247
 3.06246  2.36757 -3.51500 -2.95248
 3.06246  2.36757 -3.51500 -2.95248
-3.22074 -3.91561  3.51498 -2.95248
 3.22074  2.36757  2.76818 -3.33072
 3.22074  2.36756 -3.51500  3.33072
 3.06245  2.36757  2.76819  2.95247
 3.06245  2.36757  2.76819  2.95247
