-0.05740  1.47722  0.89691  0.09044 -0.51989 -0.35374 -0.82478
 1.00148  0.64836 -1.15704  0.49571  0.01629  1.16769  0.42778
 1.29639  1.18795  1.20962  0.11834  0.69581 -0.16120  0.22415
 1.37557 -1.43533  1.24515 -0.59040  1.53349  1.03106 -1.21068
 1.21536 -0.69268  0.81913 -0.97380 -0.62855 -1.00970  0.72745
 0.01260  0.91183 -0.71418  0.11239 -0.95489 -1.02317 -1.35312
-0.68303  0.49301  1.01468 -0.89520  0.90959 -1.28015  1.04968
-0.17800  0.57536 -1.15280 -1.55587 -0.70593  1.18703 -0.95422
-0.71896 -0.14552 -0.20758 -0.43536 -0.84888 -0.94329  1.47864
-1.15868  1.55857 -1.35465 -0.78794 -0.39008  1.11149 -0.61959
 0.78108  0.88862  0.56484  0.46537 -0.16865  0.58585  1.17966
 0.51904  0.23516 -0.57689 -0.56076 -0.48416  0.74871  0.70305
-1.56477 -1.55564  1.49084  1.46022 -1.20450 -1.17363 -1.23421
-1.34622 -0.63075  1.11025  0.50239  0.51729  0.40312 -0.76824
 0.83692  0.60174  0.93692 -0.31157 -1.54992  0.76036  1.41951
-0.29594 -1.00198  0.29628 -1.21249 -1.48722 -1.47336  0.68334
 0.09294  0.95013 -0.21432 -0.07120  0.24013 -1.27322  1.53435
-0.76022  1.05751 -0.71877 -1.11127 -0.62081  0.50485  1.09493
 1.38567  0.23564 -1.03565 -0.08228  0.07980  1.21672  0.41062
 0.43995 -0.83395 -1.11822  0.90919  1.24870 -0.64526 -0.77255
-0.79814  0.39039 -0.52215 -1.30733  0.08138 -1.44058 -0.97102
 0.93707  0.68860  0.69404  0.81908 -0.33715 -1.25731 -1.34608
-1.07575 -0.34534 -1.33969 -0.42085 -0.57499 -0.54540 -0.36818
-0.40726  0.54316 -1.51815  1.21995  0.24541 -0.37812 -0.18877
 1.54077  0.94273  0.56955 -1.33408 -0.50183  0.32208 -0.80681
-0.61755 -0.10205 -0.33443  1.04958 -0.60789  1.33975 -0.38249
-0.63016  1.12967 -1.42454 -1.10502  1.02368 -0.79801 -1.02323
-0.03281 -0.43367 -0.91104 -1.02218  0.51086  1.42744  0.79553
 0.46053 -0.14115  0.41261  0.13399 -1.23426  1.01381  0.62575
-0.70077 -0.16697  1.53345 -0.81832  0.19213  1.46940  0.27512
 1.42391 -0.71798  0.28587 -0.43847 -1.13683 -0.66266  1.42634
-1.48018  0.37997 -0.56715 -1.43239 -0.40822  1.26733 -0.60328
-1.08243  0.65226 -0.28179 -0.23305  1.51784 -1.31947 -1.04386
 0.54229 -1.47485  0.90940  0.84513 -1.52948 -0.90238 -0.96703
 0.04505  0.16109  0.69982  1.28762 -0.11149 -1.43031  0.19904
 0.95630  1.27669  0.33987 -0.14975  0.97202 -1.00080  0.26412
 0.74617 -1.36902  0.58250  1.52780  0.92661 -1.21456 -1.38705
-0.35098  0.87353  0.81404 -0.20565  0.66738  0.61251  0.83943
 0.61075  0.20864  0.73175  1.06530 -0.25689  1.41439  1.39410
 0.94652  0.15068 -1.24193  0.38867  1.28490 -1.28117  0.55473
 0.02974  0.29081  0.97606  0.96447  1.15199 -0.37328 -1.48896
 1.41351 -1.39007  1.54841 -0.64975 -1.04676  1.51616  0.57953
-0.92573  0.74203  0.61012 -0.14876  1.29550 -0.00346  0.00831
 0.07065  1.20759  1.44898  0.21101 -0.13358  0.29352  0.08690
-1.08753  1.10708 -0.16954 -0.82567 -1.38081 -0.20245  0.14689
-1.49696 -1.51556 -1.10330  1.55198  0.81758 -0.99560 -0.59281
-0.50639 -0.84901  1.53806 -1.43738 -1.42942 -1.32744  0.20794
 1.25119 -0.20006  1.47093  0.52472 -1.11191 -1.05525  1.39049
 0.61638  0.11217  1.21186 -1.15813  1.22548  1.41216  0.74920
 1.00262  0.84025 -1.49436  1.45350  0.75029 -1.19627  1.41264
-0.55671 -0.22187  0.36301 -0.35430 -1.18100 -0.12845  0.76585
 0.63833 -0.80834 -0.19643 -0.84977 -1.37570  0.39070 -0.37376
 0.80851  0.95884 -0.39873 -0.13226  0.35779  1.37790 -0.31993
-0.92696 -0.99967  1.29959 -0.65277  1.04006 -1.42591 -0.45046
-0.35958  0.24994  0.34128 -1.00780  0.20917 -1.54466 -0.20001
-0.48139  0.15012 -0.07659 -0.10955  1.09527  0.02572  0.38565
-1.33340  0.68360 -0.75969  0.16598 -1.29460  0.87181 -1.54853
 0.60625 -1.52533 -1.32582  0.07641 -0.37510  1.20108 -1.34805
 0.61566 -1.04338 -1.09246 -0.85185 -1.35054  0.66757  1.17711
-1.06626  0.24817  0.57695 -0.42737  1.52109 -1.49568  0.13452
-0.67018  1.04613 -0.71608  0.06380  0.80380  1.50815  0.28449
 1.30705  0.75686  1.07432 -0.22303  1.42248  1.33655  1.39225
-0.31191 -1.30241  1.07443  0.41882 -0.99289 -0.95549 -1.33028
 0.34408  1.10978  0.15343  1.07580 -0.61765 -0.17013  1.24467
 0.82005  0.59503 -1.55099 -0.60755  0.38253 -1.07746 -0.27198
 0.93288 -1.20844  0.39851 -0.64407  0.87049 -0.69296  0.38187
 0.48337 -1.03470 -1.30719 -0.90560  0.32086 -0.54830 -1.24107
 1.17800  1.23045  0.32111 -1.44088  1.07823 -0.98484 -0.36865
 0.73645 -1.05097 -1.20403  1.48663  0.38595  0.30803 -0.53919
-1.54656  1.30329 -0.47624 -1.22691  0.97659 -0.02565  1.20689
-0.25780  0.71536  0.38185  0.72931 -0.00249 -0.98963 -1.41134
 0.71768  0.93184 -0.51332 -0.63889  1.06021 -0.22970 -1.35619
 1.03321  1.09062  0.73704  1.21354 -0.64362  1.11076  1.37366
 1.36551  0.99109  1.38457  0.51552  0.61639 -0.21841  0.33189
 1.27045  0.55646 -1.33986 -0.95462  0.56663  0.61859  1.20070
 0.97376  0.15719  0.67080 -1.12856  0.02279 -0.74519 -0.43621
 0.40918  1.53707 -1.52438  0.30810 -1.02026  0.96817  0.56649
 0.28121 -1.39511 -1.18375  1.29957 -0.31092 -0.91055  0.45169
 0.38236 -0.00104 -0.89280  0.81371 -0.37067  0.92050 -0.78700
-0.17608  0.92755 -0.67791 -0.43407  0.88387  0.57347  0.80219
-0.94982  1.25188 -0.03965  1.24685  0.47613 -0.21710  0.61521
 0.94135 -1.49136 -0.06931 -0.14579 -0.96747  0.45858 -0.31126
-0.05488 -0.59073  1.52594  1.02790  0.98552 -1.21899  0.00870
-1.43931  0.76157  0.51788 -1.57060  1.13829  1.17391 -1.55189
-1.47858  0.10505 -1.33835 -0.56481 -0.69218 -0.74078 -0.50309
 0.18887 -0.68302  0.94935 -0.40221  0.14949 -1.38366 -1.49130
-1.32841  0.57200  0.49866  0.38954 -1.55941  1.41669 -0.16085
-0.24994 -0.84242 -1.19450  0.00176  0.08008  1.30670  0.96125
-1.48097  0.14762 -0.92860  1.36484 -0.98984 -0.68249 -0.68267
 0.44887 -1.53574  0.31795 -0.04654  1.15559 -0.80710 -1.32773
 1.35140 -0.37115 -1.53450  1.05199  1.16735 -1.14799  0.88193
 1.09012  1.22338 -0.93376  0.84406  0.30029  1.26906 -0.21127
 1.24078  0.21093  1.04128  1.07334  0.45870 -1.13494  0.03059
-0.55070 -0.71642  1.38554  0.16101 -0.53450 -0.88732 -1.32599
-0.29844  0.63131  1.06432 -0.32691 -1.20422  0.70604  1.35223
-0.83037  1.28155 -0.83903 -0.89702 -1.41235  0.40595  0.98842
-0.86836 -0.45993  0.56181 -0.02286 -1.30089 -0.79056  0.66666
-1.48201 -0.51578  1.45964 -0.83265 -0.72815  0.15334 -0.97351
-0.10188  0.44564 -0.33277 -1.13738 -0.32051 -0.79714 -1.19749
 0.64318  1.27817  0.51462 -1.24345 -0.52963  0.23514 -0.90054
