-1.46983 -0.14140
-0.87916  0.27765
-1.44643 -0.32046
-0.85862 -0.91362
-0.51951  0.75635
 0.10972 -0.41271
-1.11300 -1.22293
-0.08832 -0.62974
-1.31677 -0.86483
 0.80055 -0.24531
 0.12817 -0.26971
 1.16408  1.38190
-0.92893 -1.12151
-0.70396 -0.41271
-1.32002  1.26756
 0.74424 -1.25185
-0.25623  0.37889
 1.01893 -1.17496
 0.74504 -0.70750
 1.21082  0.86340
-1.55475 -0.29821
 1.27934  0.22763
 0.47599 -0.57576
 0.53600 -0.97648
-0.41923  0.98998
 1.11287 -0.66086
-0.73098  1.08810
-0.01752 -0.15604
 1.31386 -1.45195
 1.49836 -1.12241
-0.39109  1.49715
 1.30372 -1.14263
-0.01392  0.37529
 1.50963  0.32333
-1.09343 -0.77075
-0.80312  1.37777
 0.52451 -0.78220
 1.25371  1.57039
 0.35901  1.24519
-1.47336  0.51467
 0.63629  0.58424
 0.22312  1.27414
-0.99310  0.58091
 1.10032 -0.05810
 0.14549 -0.11013
 0.23024  1.08389
-0.56438 -0.58675
-0.98411 -1.09494
-0.84360  1.22658
 1.24443  0.53391
 0.56949  0.35710
 0.78560  1.17600
-0.34875 -1.16040
-1.04336  0.39559
-0.47288  0.76521
 0.00494 -1.09856
-1.47942  1.22159
 0.31150 -0.52815
 1.21018 -1.09101
-1.36686 -0.87895
-1.03054 -0.52459
 0.34614 -1.43664
-0.49247  0.68631
 0.00288  0.52096
 0.44695 -1.51990
 0.17354  0.78779
-1.35765 -0.86504
 0.21906  0.71809
 0.20841 -1.24606
-0.57984 -1.38863
 0.42808 -0.43640
 0.02446 -1.15805
-0.50115  0.27112
-0.52085 -0.88155
-1.34033 -1.20820
-1.06042  0.69169
-0.06415 -0.30210
-0.42509  1.45137
-0.66480 -0.17315
 0.38457 -1.01744
-0.04074  0.01016
-0.37086 -0.94554
-0.29411 -0.05754
-1.33291  1.56908
 0.88569  0.90620
-0.84056 -0.00111
 0.95464 -0.03008
 0.22508  1.51069
 0.59862 -1.11053
-0.95225  0.38736
-1.26395 -1.04321
-1.23903  0.12758
-0.98042  1.18501
-0.08557  0.13551
-0.32257  0.27097
-0.03997  0.72648
 0.02620 -0.14434
 0.79990  0.42273
 1.50257  1.28482
-0.97339 -0.02995
