 0.46644  0.62673 -0.12243 -0.41172
 0.85366 -0.38733 -0.33112 -0.44618
-0.73646  0.14474 -1.31818 -0.04688
-1.26910 -0.82292  1.05753  0.24091
 0.24946  0.56034 -1.49971 -0.82000
-0.56244 -0.53275 -1.25337 -0.09418
 0.28699 -0.49338  0.97456 -0.79504
-0.68773  0.18817 -0.39650 -1.13703
 0.25881 -0.60163 -0.43772  0.31945
-1.31144 -0.02218  0.93020 -1.54560
-1.27894 -0.01986  0.55871 -0.57201
-0.99550 -1.56363  1.29370  0.19038
 0.35279 -1.17583 -0.37151 -0.73942
 0.74080  1.16321  1.03003 -1.53988
 0.61489  0.28500 -0.02711 -1.32731
-0.82243 -0.07503 -1.02632 -0.29054
-1.29875  1.17913 -0.34578  0.49732
 1.56357 -1.25158 -0.05274  1.37095
-1.48261  1.49126 -1.31724 -0.99208
 0.80565 -1.32710 -0.32125  0.08715
-1.41980 -0.92291 -0.13728 -1.17121
-1.17454  1.00045  0.65922 -1.06968
-1.22800 -1.45951  0.11454  1.38982
 1.20319 -0.40476 -1.44627 -1.51245
-1.37561 -0.17533 -1.49398  1.09997
 0.82777 -1.07328  1.20451 -0.61719
-0.08314  0.12834 -1.42645 -1.05315
-1.54168 -0.39129  0.90384 -0.06851
-0.56810 -1.15910  1.26827 -0.35293
 0.34933  1.15508 -1.50435 -0.68139
-0.96326 -0.47529 -0.78459  1.47132
 0.53690 -0.96001  0.52420  1.18418
 0.91353  0.10040  1.04978  0.36778
 0.91996  0.31664  0.03070 -0.53945
 0.91960  1.19120 -1.31434  0.52992
-0.29139 -1.22835  0.14938 -0.96951
-0.96463 -0.00965  0.11992 -0.14372
-0.38027  0.31911 -0.76053  0.47609
-0.78914 -0.95815  1.13261  0.68216
 1.33543  1.45659  0.32590 -0.47939
-0.51798  0.02741  0.22898  1.48893
-1.02864 -0.14188  1.12469  1.33302
-0.94445 -0.92123 -1.24428 -0.22104
-0.13243 -0.62256 -1.18682  0.99615
-0.29251  0.03435 -0.49065 -0.36544
 0.72936 -1.15229  0.80249  1.34597
-0.28465 -1.11593 -0.75027 -0.06981
 1.09376 -0.93474  0.15146  0.78431
-0.38526  0.17028 -0.82751  0.99786
 0.65235  1.22245  0.32775  1.29047
-0.70913 -0.18902  1.24004 -1.30290
 1.02203  1.23009 -0.32268  0.04511
 0.03893  1.40411 -0.14341  1.53604
 0.63149  0.99038  1.46088  0.52608
-0.23347  0.08778  0.53647 -1.33372
 0.44065  0.15435  0.49351  0.83450
 1.44212  1.48194 -0.03779  1.09638
 1.48327 -1.43818 -0.54854  0.41881
-0.06175  0.51530 -0.00831 -0.51057
 0.97548 -0.90169 -0.62024  0.26026
-1.29676  0.58985 -1.55036 -0.92903
 0.26103  0.79982 -0.54412 -0.34910
 1.30571 -0.99449 -1.41539  1.21115
-1.40517 -0.62786  0.14426  0.79846
-0.55216 -0.93252 -0.21297 -0.95392
 0.83610 -1.35320 -1.06012  0.27086
 0.07314 -0.29059  0.96114  1.07518
 0.89652  0.18995 -0.73537  0.04898
-0.49839 -0.66669 -0.53746 -0.09295
-0.60224 -0.04873 -0.91945  0.16398
-0.09503  0.31980  0.12266  1.35049
 0.03956  0.21598  0.76325 -0.56063
-0.10037  0.40318  0.12368 -1.18776
 0.14953 -1.23430  1.36258 -0.43231
 1.06246 -0.79264 -1.46808  0.08934
-0.95265  1.08838  1.30903  0.38737
-1.50809  0.01380 -0.81076  1.43219
-0.28967  0.98082  0.49369  0.69421
-0.36772 -0.63966  1.15941 -0.38472
 1.34249  1.24138 -1.02014 -1.44414
-1.04290 -1.29261  0.78889 -0.86948
-0.02684 -1.07740  0.26221  0.00864
 0.52463  0.55936  0.74445  0.03033
 0.73853  0.11490  0.58894  1.46160
 0.84904 -0.91590  0.20022  0.59493
-0.36650  0.67902  0.80319 -0.03504
-0.76048 -1.19808 -0.59506  0.39469
-1.28190 -1.25770  0.22121 -1.01170
 0.65225 -0.88455 -0.96272  0.49766
 1.04972 -0.98445 -1.11788 -0.57580
-0.20560  0.38479  1.34012 -0.85617
-1.50314 -1.13718 -0.58686 -1.48184
 0.05433  0.78833  0.93451  0.79911
-1.30745 -0.21153 -0.11873 -0.58526
-0.51076  1.34747  0.10365 -0.97612
-1.20343 -0.65191  1.44366 -1.44014
 0.40196  0.21893  0.16004 -0.96775
 1.43412  0.60423  0.05410  0.81499
 1.49728  0.29927  1.16785  0.51707
-1.26945 -1.22328  0.25137 -0.46409
