 0.16951
 0.05416
-0.46425
-0.12797
-1.00443
 0.92163
 0.78026
 1.20607
-1.16030
 1.18502
-0.38896
-0.42136
 1.03808
-0.91267
-1.53240
 0.26242
-0.57918
-0.74050
-0.55700
 0.97888
-0.37722
-0.81416
-1.56532
-0.27529
-0.40859
 0.75009
 0.51293
-0.82914
 0.85176
 0.84188
 1.26081
-0.69442
-0.17866
-1.39403
 0.08468
-0.43926
 0.96004
 1.25345
-0.83064
-0.55769
 0.30351
 0.76344
 0.91334
-1.10639
-1.37617
-0.94989
 0.78223
-0.71217
-1.55875
-0.47907
-0.28311
 0.66497
-0.23604
-0.63549
 1.21542
 0.55226
 0.44665
 0.90124
 0.88051
 1.33337
 0.62325
 0.29121
 0.44963
-0.09938
-0.32249
-1.39193
-1.47254
 1.56129
-0.36760
-1.31468
-0.71411
 1.25418
 1.28077
-1.08938
-0.92875
-0.38989
 0.90046
 0.08636
-0.14756
 0.51272
-0.09677
-0.06566
-0.01444
 0.09656
 0.40632
-0.17069
-0.05209
 0.76069
 1.47567
-0.83811
 0.90243
-0.60492
 1.36542
 1.23555
-1.24437
-1.39431
-0.41927
 1.21725
-0.82287
-0.58789
