-0.08498 -0.55577  0.18362  1.29812 -0.02684  1.34964
 0.66165  1.55866  1.52154  0.06100  1.29386 -1.12587
 1.06682 -0.35232 -0.02510  0.04495 -0.89879  0.61998
-0.50104  0.70180  1.25989  1.11713  0.28267  0.24052
-1.54779 -0.13590 -0.83918  1.43250  0.95662  0.21866
-0.73563  0.06749 -0.35347 -0.96258  1.28070  0.53699
 0.11539 -0.64952  1.40617 -0.02128 -0.00340  0.18265
 1.02493 -0.88991  0.22094  0.95720  0.87350  1.47127
-1.04258 -0.27227 -1.08187  1.29488 -0.11620 -1.37672
-0.42881 -0.89486 -0.74622  0.34066 -0.33178 -1.28348
-0.43387 -0.01988 -0.56186 -0.09234  1.09995 -1.10182
-0.51321  0.52158 -0.04191  1.41374  1.47916  0.86783
-0.77497 -0.63132  1.56750  1.55213 -0.52365 -0.11412
-0.58891 -0.74811 -1.02607 -0.96273 -0.50266 -1.22018
-1.00152 -0.81833  0.06402  1.22137  0.04705  0.24038
 1.22863 -1.37573 -0.05695 -1.43120 -0.81216  1.49617
 0.43462 -0.49937  1.21448 -0.79405  1.22807 -1.44714
 1.36695 -1.34542  0.68785 -0.58555 -0.17823  0.32812
-1.08605 -0.88611 -0.61700  0.23225 -1.20079  0.86216
-1.24687  1.10100  0.37580  0.94048 -0.98235  0.54874
-1.44379  0.81039 -0.37599  0.54317 -0.91868 -1.37246
-0.70828 -1.48732  0.21823  0.95708 -1.21685  0.16563
 1.21631  1.16631  0.32672  0.13242 -1.18232 -1.49457
 1.20244 -0.53713 -1.10631  0.50276 -1.44527  1.46658
-1.12507 -0.64227 -0.48958 -1.49939  1.27485  0.92538
-0.49631 -0.42200  0.07587 -0.21763  0.88329  1.02246
 1.13122  0.23586 -1.34930  0.20655  0.78249  0.82718
-1.30526 -1.50362 -1.52113 -0.23402 -1.32232  0.86450
-1.02832  1.34088  1.56447 -1.08609 -1.08567  0.99327
 0.28445  1.16018 -0.12409 -0.34677 -0.04555 -0.71720
-0.94902 -1.13856  1.48152 -1.17142  1.46327  0.53233
-0.75954  0.32547  0.12228  1.53996 -1.54469  1.45740
 1.34764  1.13507  0.15682  1.56530 -0.63014  1.16931
-0.30737 -0.25830 -1.32591 -0.27991 -1.55405 -1.23159
 1.50893  1.34721 -0.22020  1.07910 -1.00830  0.57624
 0.66932 -0.64375  1.38140 -1.50943  0.94707 -0.95745
 0.61001  1.41646 -1.32274  0.64150  0.95153 -0.04530
 1.41634 -0.10059  0.92517 -0.94353 -0.51074 -0.22994
 0.97501  0.65672 -0.65070 -1.43194 -0.59290  0.86436
 0.07866  1.19681  0.40221  0.31873  0.86784  1.34555
-0.37498 -1.51791  0.99428 -0.88989  1.21886 -1.09199
-1.38417  1.55482 -0.92609  0.35119 -1.54069  0.11371
 0.28011  1.55616 -1.54372 -0.32085 -0.52964 -0.77956
-1.06868 -0.39311 -0.85822 -0.21972 -1.01765  1.54014
 0.18304 -0.69624 -1.32767 -0.87172 -1.14728 -1.07381
-1.03456  0.58743  0.18329  0.85797  0.52357  0.32907
 1.55089  1.00712  0.41899  0.52883  1.09185  0.98018
 0.45598  1.13221 -0.84665 -1.21063 -1.19589  1.13503
-0.50742  0.01527  1.15769  1.45178 -0.10549  1.11778
-0.04580  0.98676 -0.19922  1.56705  0.30434 -1.31827
-0.20547 -1.17385 -0.29221 -1.04294  1.35116 -0.82773
-0.37965 -0.47095 -1.08212 -0.94553 -1.05509  1.35771
-0.46321 -1.00943 -1.12346 -1.43749 -0.43028  0.32940
 0.49507  1.46617  1.20463  0.15835 -0.59953 -0.52922
-0.34531 -0.97813 -1.15422  0.39267  0.47253 -1.53249
 0.54851  1.53030 -0.99272  0.29134 -0.56023 -0.66630
-1.04812  0.59804  0.22776 -1.18085 -1.47465  1.00086
 1.06776 -0.99691 -0.90726  0.87273  1.16070 -0.85422
-0.33174 -0.37639 -1.12607  0.32122  1.27690  0.90682
-0.08233 -1.33671 -0.62531 -1.33432  1.54038  0.67954
-0.01233  0.77742  0.54223 -1.18740 -1.22886  1.27006
 0.73970  0.48933 -0.60436 -0.65252 -0.02187  1.08873
 0.56400 -1.27670  0.81090 -1.24248 -1.00554  0.14181
-0.06229  0.80696 -0.61406  0.65363  1.27653 -0.09568
-0.72545 -0.18192  0.72025 -0.21831  0.90044 -0.02850
-0.06112 -0.96060  1.43996  1.38021  0.26155  0.43856
-0.73068  1.52960  1.38561 -0.12036  1.23078 -0.05720
 1.46748  0.67084  1.36856 -0.14268  1.03887 -1.08124
-0.04921  1.36198 -1.35098  0.92547 -1.20260  0.03246
 1.11783  1.01614 -0.98502 -0.49894  1.16221  0.82802
 0.01107  0.86293  1.11813  1.17524 -0.92437 -1.36843
 0.36650 -0.68240 -0.45397 -0.38944  0.27973 -0.43786
 1.37044 -0.99757  0.54154  0.64778  0.40049  0.12906
 0.94961 -1.44904  0.28270  0.93884 -1.09747 -0.72460
 0.96498  1.16587  1.48662  0.45209  1.02607  0.30142
 1.41190  0.19785  0.77183  1.45332 -0.75426 -1.04574
-0.69211 -1.36145  0.11282  0.85056 -0.57756  0.06300
-0.04300 -0.74652 -0.37303  0.25535  0.68293 -0.16018
-1.51648  1.51000  1.45047 -0.55010  0.17050  0.92191
-0.69547  1.50649  0.78580 -0.41995  0.75049 -0.09937
-0.02943 -1.48707  1.17802 -0.95316 -0.10903  0.38330
-0.78377  0.17377 -1.22519 -0.68899  1.50789 -1.20545
 0.81862 -1.50641  0.69498 -0.85981  1.39591  1.11576
-0.68263  1.31079  0.51263  0.77843 -1.01597 -0.01256
-0.90580 -1.15633 -0.39428  0.95779 -0.47906 -0.36721
-0.84051  1.12200 -0.79423 -0.86029 -0.73040  0.86192
-1.39290  1.47382 -1.47478  1.54707  0.62111 -1.26322
 0.98066  0.29597 -1.42414 -0.43709 -0.57232  0.43718
 0.79225  0.97405 -1.06596  1.02580  0.55551 -1.18424
 0.61048  1.29978  1.21419  1.01638  1.36355  1.07791
 0.54944 -1.40985  1.37887  1.50060  0.19086 -0.91674
 0.68871  0.87863 -1.21570  0.49392 -0.88666 -0.97159
 0.08410  1.56803  0.64912  0.31070  1.04637  0.64009
-0.29308 -0.18569  0.91554  0.92749 -0.75190  0.91032
 1.02507  0.82846 -1.26554 -0.25333 -0.74858 -0.61122
 0.67628 -0.75421  1.25775 -0.55409  0.80666 -0.86342
 1.55962 -1.46669  0.06419  0.97627  1.00067 -0.73336
 0.63174 -0.30724  0.67258  0.23355 -1.47809  1.33763
 0.42626 -1.22149 -1.11498 -0.67129  0.21163 -1.31613
-0.87965  0.17861 -0.43891  1.28163 -0.91800 -0.49961
