 2.18385 -4.66588  9.05580 -5.58785  7.93966 -4.62574 -14.14524
-10.39595 -3.11013  10.59763  2.25975  3.17604 -12.46981 -6.32828
 5.32198 -10.91558  2.79652  5.55903  4.81741  7.72271  1.64129
 8.52114  7.91546  12.17841  19.58943 -11.10173  4.82364 -10.91459
-4.06256 -14.07285 -9.79238  6.93817 -1.48476  4.84224  1.49639
 8.45888 -1.49646  5.94311 -2.45656 -4.58995  4.83120 -20.48885
-7.21776  1.66721  2.76286 -16.34868 -4.85160 -1.69337 -4.77003
-10.35281  3.20774  7.49294 -7.22069  12.61044  0.09625  3.03167
-7.25430 -1.48593  9.08732  5.60434  1.62713  10.90258 -1.52315
-0.89564 -3.07322 -8.22095  29.15378  6.32785  9.31789 -12.43448
-19.81833  4.76484 -28.62159 -6.95486  14.24937  17.15823 -1.50940
-7.26587  9.45725 -1.91736  16.57027 -6.27596 -3.21681 -12.49083
-10.35287  9.53697  1.22646  8.52021 -6.38642 -3.02945 -6.17105
-4.10840 -14.03227 -0.33898  6.97924 -7.96824 -10.84905 -20.32310
-13.49859 -4.65040 -6.65619  8.75935  1.67412 -4.80485  11.02981
 17.84672  14.18920  2.82213  2.39151  20.33564 -14.22805 -17.34050
-19.77536  3.27207  4.34775 -5.37511  6.19678 -0.14497 -3.25036
-13.52659  3.22401 -11.34598 -2.23644  15.62977 -0.13708  6.16452
 14.81235  12.62831 -11.36549 -10.34916  15.66550  12.65443  9.50291
-10.37043  7.92392  5.90905 -2.43992  4.80223  1.64928  7.83464
 8.40143 -1.50035 -3.48969 -15.01621 -4.75497 -4.65142  7.90145
-16.55696 -15.63420 -8.24565  5.36550  9.35995 -15.60245 -3.00365
 2.22890 -4.65836 -3.49090  3.82990 -14.25357 -7.72842  11.05110
 11.68402  23.67003 -0.38135  5.56429 -17.38615 -4.86662  7.74117
 8.53689  1.69325 -12.92546  3.83598  11.11798  1.66653  14.06797
-19.77247 -9.31939  1.17013 -8.55313 -9.47665 -0.09284 -0.12481
 5.36488  3.20143 -30.21497  4.01611 -9.48867 -6.41035 -6.38270
 8.53421  3.24489 -1.93166 -7.22368  3.04180 -9.28262 -3.01172
-0.92699 -3.11128 -5.09703  7.14416  3.19206  9.35568  15.80562
-19.81272  6.38275  7.52020  0.89668  6.36923 -6.41555 -6.20105
 5.29796  3.19008  13.80266  13.45526 -3.08062 -3.25724  22.11769
-7.24034  14.22470 -3.53437 -10.09331  14.03745 -1.64757 -4.79696
-7.16904 -6.13406 -5.04651  7.19232  0.09373  12.43539  25.27420
 11.64281 -1.47300 -3.52433 -0.69400 -4.63644 -7.93046  4.76801
-1.00572 -3.13233 -1.91566 -5.43817 -12.58382 -0.07384  3.04300
-0.90074  3.24622  4.38399 -2.24289  12.66025  9.24521  6.40988
 17.91824 -12.49398 -1.89349 -14.82287 -15.61832  6.14554 -3.01604
-10.37840 -14.04481 -0.32784 -18.16419 -7.94475  14.23965 -1.46907
-4.11620  3.22166  20.08590 -7.16285 -12.49963 -6.18005  9.31469
 14.70377 -3.08302  10.63786  2.29360 -9.38788  0.11071 -12.66056
-7.28236  0.07257 -5.03803  4.03928 -6.34848  15.59188 -3.24608
-7.27643 -14.07753  2.76584 -16.39660  4.62930  1.49044 -7.90362
-7.24749 -10.89024 -3.45716 -0.64991  4.78995  7.71899  1.65005
 2.28063 -17.17210 -19.20305 -15.10058 -20.29274 -17.15338 -4.79342
-0.99555  15.71321  10.62783  4.01542 -12.54619  9.34396  0.07931
 5.32652 -3.05889  10.65900  26.00520  6.20394  6.17286  15.60870
-7.27469 -12.52293 -5.07037  4.03469  6.22782  3.03641 -9.51892
-4.03051 -1.49442  2.78248  16.39188  7.73724  14.22491  7.90616
 14.80272 -18.74074 -8.20859  17.89135  18.77141 -12.45315 -6.16989
-0.94823  14.23840  12.22272 -3.82469 -17.17819  1.47146 -7.79323
 5.30150  1.59419  18.49914 -16.40834 -4.62291  14.04686  11.04170
-4.11579 -14.06395 -22.36849  6.97512 -1.48451  17.35720  1.52627
-0.85701 -3.04307 -1.98005 -2.21104  6.35562 -3.24419 -6.16651
-19.82942 -9.35355 -17.64071 -8.56206  3.05330  6.19271 -0.08380
-10.43686 -18.81044  23.22324  5.46462  18.82636 -6.21766  6.35970
-10.45603  7.85412  9.08201 -14.94712 -7.94302 -14.04675 -7.83766
 17.89139  4.82538 -12.91083 -13.28476 -11.10094  1.46270 -17.32862
 17.89758 -4.61761 -9.81595 -13.25960 -7.76894 -4.79074 -4.64157
 8.45394 -1.50471 -3.48579 -8.70884  7.76167 -10.91413 -17.20510
 5.34875 -9.35075 -11.31679 -5.41787 -3.04073  2.96966 -9.30347
 14.80838 -3.02788  7.47876  14.79588 -18.92240  3.27532  6.41674
-0.94114  7.92841  12.17273  18.17241  10.88095 -1.65503  4.66889
-0.88099 -12.50831 -8.22924 -2.25978  3.19493 -0.13342  9.55588
-7.26287 -3.08381  4.36731  0.90194 -0.04215 -0.10614 -3.23666
-0.95061 -4.65086 -6.63705  2.48231  1.65127  7.76083 -1.51159
 17.84558  3.15543  7.48645 -2.29475 -9.43504 -6.34205 -6.36138
 2.23101  6.38096  20.08784 -4.08270 -9.46122  0.11591  22.11195
-4.12631 -1.48369  2.79167 -8.70900  1.47688  1.64764  7.91813
-16.61614 -10.88661 -12.92097  0.69889  1.46331 -7.74348  1.65389
-19.85014 -4.60813  2.80589 -13.30328 -1.46827  14.01208 -4.62792
 5.35912  1.64025  5.90496 -0.70281 -7.97503 -7.93709  4.68293
 2.15894 -7.78254 -16.08084 -5.53882  11.11122  17.35850 -4.76771
 8.41612 -4.64833 -12.88363  3.84574  11.09989  1.68446 -4.79323
 2.21834  22.06613  1.23280 -4.02974 -0.05512  3.26267  6.40151
-7.24161  3.20180  1.19989 -8.56694 -9.47613  6.16572 -12.67303
 5.35086 -1.45915 -16.04277 -6.97073  1.68477 -1.71159 -7.79338
-4.12976 -4.66657  5.92812 -5.58653 -17.37083 -1.47139 -4.64562
 2.17686  22.02661  10.63901  11.67266  3.11687  3.20703 -21.89881
 11.60029 -1.53143 -6.63306  18.17404  1.49630  1.49409  7.83668
 11.65869  3.21441 -11.35787  10.41386  3.11311 -0.12315 -12.66965
-13.46124 -21.92791 -17.65261 -11.63021 -3.07172  15.55959  3.27323
 2.21703  3.22469 -5.09591  8.54756 -25.18311 -9.33122  0.08170
-7.20870 -1.49420 -12.93285 -19.53888 -11.10729 -4.84061  7.79671
-10.34064 -1.43588 -6.63369  10.12625  1.67504  11.13442 -1.65733
-10.33849  11.10089  2.78043 -11.87017 -1.44088 -7.76275 -4.78552
 21.10350 -6.21956 -5.03838 -0.92541  3.18000  15.83203  6.14595
 2.18674  0.08123 -5.07142 -4.05228 -3.20403 -6.20652 -3.05428
-16.67171 -21.94622  4.35097 -4.00927 -9.38213 -6.22486 -0.06695
-10.33909  0.11048 -1.89923  5.36600 -0.09986  0.15452  18.96765
-7.16072  6.34957  10.58205  3.94595  3.19213 -0.10617  9.54197
-0.90547  1.68102 -0.34361 -6.96756  4.59697 -1.70353  4.64609
-4.09637  0.09168 -14.49891 -10.33555 -6.21977  3.23662 -3.23760
 17.92786  1.63064  5.92692 -0.67155 -1.63242 -14.23980  10.95503
 2.21014 -4.64275  5.94580 -5.53619 -4.82030 -1.46980  1.63813
 2.14058  7.89837 -0.31004 -8.74476  11.06758 -10.90283  14.08879
-19.84103 -4.61560 -12.90125 -16.36476  20.50135  7.76368 -20.35179
-22.93565  6.36196 -1.95962 -7.15518 -6.39419  6.41098  6.38023
-0.88925  12.62032  7.45945  7.18794  0.04284 -0.09959  0.10711
-4.04411 -10.96148  5.90865  22.61477  11.08784 -4.60021 -4.75290
 5.32950 -10.94028 -3.51936  15.06206  14.05299  4.63182 -4.75953
