 2.54731
-3.73587
 2.54731
 2.54731
 2.54731
 2.54731
 2.54731
 2.54731
 2.54731
-3.73587
 2.54731
 2.54731
 2.54731
 2.54731
-3.73587
 2.54731
-3.73587
 2.54731
 2.54731
 2.54731
 2.54731
 2.54731
 2.54731
 2.54731
-3.73587
 2.54731
 2.54731
-3.73587
-3.73587
-3.73587
 2.54731
 2.54731
-3.73587
 2.54731
 2.54731
 2.54731
-3.73587
 2.54731
-3.73587
 2.54731
-3.73587
 2.54731
 2.54731
 2.54731
 2.54731
 2.54731
 2.54731
 2.54731
-3.73587
 2.54731
-3.73587
 2.54731
 2.54731
-3.73587
 2.54731
-3.73587
 2.54731
 2.54731
 2.54731
 2.54731
 2.54731
-3.73587
-3.73587
-3.73587
 2.54731
-3.73587
 2.54731
-3.73587
 2.54731
 2.54731
 2.54731
 2.54731
 2.54731
 2.54731
 2.54731
 2.54731
 2.54731
 2.54731
-3.73587
 2.54731
 2.54731
 2.54731
-3.73587
-3.73587
 2.54731
 2.54731
 2.54731
 2.54731
 2.54731
 2.54731
-3.73587
-3.73587
 2.54731
 2.54731
 2.54731
-3.73587
 2.54731
-3.73587
-3.73587
 2.54731
