 5.26741 -9.40606  4.34063  10.25200 -6.26619  15.66628  0.05936
 5.32359  3.17160  4.31038  25.97035  25.11197 -6.36344  3.04840
-0.98295  14.16894 -6.62026 -16.40785  7.92597  26.60801  17.29318
 30.39296  15.73903 -20.78758  7.11455  12.54646  12.50255 -15.77700
 2.19948  11.02530  2.80241  3.82994  1.49535 -4.61150 -17.26389
-1.01250  14.16712  5.92628 -35.27232  20.48015  7.77788  11.00647
 8.48926 -15.67472 -14.49741  14.73100  28.30006  0.08547  12.45799
-13.53160 -10.97408  5.93332  5.60491 -1.64829 -1.64722  17.28545
-0.93876  6.31354 -39.63111 -27.37378  3.16932  12.47860  3.26321
-22.91883  4.74888  15.33642  0.73817 -7.76597  4.81332 -4.75219
-10.45794 -10.97458  15.36355  6.91962  33.05970 -10.91607  4.70380
-19.78799  0.04194 -39.63454  0.85983 -15.71601 -9.50990 -25.23041
-0.90254  4.74247 -3.52818 -6.95116 -23.43139  4.57798 -7.83241
 17.90729 -10.98540 -6.69871 -19.50347 -14.22961 -14.22085 -14.15250
-0.90989  4.71931  2.72419 -10.10340 -7.94844 -23.62087  4.71727
 24.12198 -21.97749 -8.18804  22.79715  18.86258 -3.23452 -25.03497
-10.45612  0.04192  1.26306 -10.26756 -9.45922 -12.45059  3.24471
-7.28524  6.28690 -5.07872  13.44489 -18.83050  12.49997 -18.78915
-10.42302 -1.53636 -0.35645 -5.57628 -7.93325  14.22316 -1.55827
-16.65985  14.18674  24.84369  25.85140 -4.82388 -7.71945 -17.26930
 8.41511  15.72686  23.21602 -3.99213 -3.14683  31.53546 -18.95513
 17.88596  26.74761 -3.51151 -10.12994 -29.93384  23.42867 -4.72696
-22.96816 -10.97440  9.06629 -18.13522  7.91037  7.90755 -20.42138
 8.42217  3.16260 -17.62593  24.27218  18.83616  0.05092  15.63954
-19.87268  23.58158  18.53412  40.12979 -7.77480 -1.65358  14.15878
 17.95102  3.16550  10.58063  4.06585  6.30214  3.04571  25.21805
 11.53511 -4.67562 -9.73313 -16.41563  1.47397  29.74680  14.12412
 8.43884  14.17563  12.22172  3.82920  4.82585  7.95985  14.13246
 11.53549 -12.54064  7.51095  0.85367 -12.55560 -37.76421  18.92083
-1.00858  7.87173  5.95361  18.11052 -7.91225  36.07174 -7.86600
 24.18277  26.71081 -9.79638 -13.32098 -7.76485  7.79073  1.57371
 8.41084 -14.11896 -31.78403 -11.80571  4.65395  26.76523 -26.68883
 5.21443 -7.82844  21.68233  5.49035 -36.03935 -7.94039  17.28401
-19.94329 -21.97540  1.27256 -14.88902 -9.44799  12.47624 -25.18658
 24.21551 -4.69107 -22.36365  24.46052  4.80188 -17.38830 -23.54043
 2.24306 -1.54528 -0.39556  13.27388 -14.24700 -4.64257 -7.85847
-26.13615 -10.99384 -19.20636 -13.32268  4.67147 -14.19298 -14.13249
-7.32038  32.98223  9.09077 -16.41626 -11.03682  23.46726  20.39225
-7.30250 -14.13776 -3.44698  21.33188 -7.93234  1.49708 -1.58147
-0.98171  4.74720 -9.78078 -7.03275  26.80208 -20.48704 -1.54256
 20.96473  21.98923  23.21738 -16.58134  28.29911  0.10412  25.06097
 30.37850 -25.10092  29.56906  7.14037  15.68490 -15.82246 -6.35731
 2.20159  14.16221  5.92994 -40.14812  4.79568 -4.57557 -17.30169
 5.25689  0.01969 -5.03581  4.06991 -18.84996  3.08902 -9.48669
-19.82388  26.72267 -47.46562  21.27189  7.76922  4.60919  7.85597
-0.97353 -23.55917  53.06466  8.75965  32.91667 -7.94936  14.11531
-22.89664 -6.23790 -17.68347  21.10537 -3.15925  0.10068  3.23485
-7.27435 -23.52187  2.77220  5.52779 -1.44480 -4.80269  7.86962
-4.06445  7.88181 -16.06914  25.82378 -23.46516  14.25139 -7.88843
-16.66854 -4.69126 -19.20425 -5.59521 -17.38296 -20.34080 -4.72556
 17.84630  3.15850 -5.07017 -33.68927  9.41157  6.21019  18.77344
-7.20800 -4.67336 -3.47945 -6.93098 -20.30886 -11.12722 -29.84142
-16.68605 -26.69246  18.50010  16.40481  20.52823 -1.47757 -1.58887
-29.28431  1.57684  18.49600  7.02207 -4.78678  4.78382  1.58343
-10.42145  15.74108 -17.60184 -0.88511  12.58246  0.06106  15.61619
-7.27346 -7.83962  21.63813  21.29430  29.75762  1.45818 -1.58254
 8.42251 -18.84435 -14.50875  2.31708  18.84892  9.45985  15.65100
 11.57325  6.30478  23.20440  3.99679  3.17831  12.44293  3.21812
 2.23163  9.46383  13.73322  2.26584  25.12282  3.21441  18.94999
 5.25081  7.85860  5.97232  21.28248 -42.30582 -4.79089  4.71915
-7.30583  15.72451 -17.60926  0.88989  28.28583  15.64851  9.49058
 5.30063  9.46777 -23.88431  29.08895  28.25290 -25.23954  31.31882
-0.98117 -1.55401  18.47025  8.70244 -14.05937  23.48397 -4.69858
 2.15948 -7.83696  2.79598  10.13454 -4.83755  26.77498  1.58033
-22.97776  6.31943 -14.48022 -10.26256  18.86500 -28.19117  3.06086
-10.33354 -9.39678  23.16559 -0.83302  3.12469  9.54088 -21.86298
 5.32400 -26.68384 -6.67780 -10.11153  4.78759 -20.50738  20.42987
-0.90436 -6.24408 -1.98189  4.02452 -9.40179 -0.11666 -9.32051
 8.45464  12.60194 -14.53208 -13.36516 -31.43737 -6.24801  31.49101
 17.85551 -7.85103 -0.33571 -16.39696 -26.60282  4.62968 -10.98667
-13.59893  3.14333  7.48626  3.99425  15.69278 -6.35845  6.21515
 11.58186 -12.52951  7.51285 -33.71938 -6.31306  9.33097  9.32083
 5.28032 -9.39133 -8.18648 -14.81032 -6.28023  3.07881  12.61907
 21.06424 -28.23514  16.88413 -22.91109  9.44938  0.05747  6.21507
-4.11007 -1.55928 -9.78480 -11.91103 -7.76967 -14.05982 -11.00818
 11.56293 -23.53561 -12.92451 -3.82877  26.77793 -11.09992 -1.54317
-10.38811  15.74624  20.05681  14.86541  12.57051  15.78263 -18.75222
-13.57900 -14.11839  15.37075  2.41753 -26.79617  32.93503 -20.41305
-7.36338 -12.57226  4.39374  0.85124 -40.82357 -28.29720  31.37550
-7.24265  34.57267  4.31116 -14.87414 -6.27711 -15.75112 -6.21304
-16.62801 -29.82834 -9.81163  3.83739  10.90863  11.09263 -7.82485
-4.19697 -7.85009 -6.59938  10.10688  14.20620 -7.78558 -7.86310
-22.95956 -4.67802 -6.60113  22.70521 -14.04134  14.20313  1.57356
 5.29061  4.71270 -9.79422 -0.73041  1.62251  23.48303 -14.12108
-10.42804  1.59518 -19.22277  19.55202  20.33681  11.05109  14.15390
 14.73063 -3.11079  4.38740  24.16383 -3.13964  15.79754  28.38395
-4.08665  18.87871 -20.78397 -10.32243 -6.24923  3.25910  28.18476
-19.89717 -12.54251  13.81388 -27.39532  12.55609  3.06481  15.64761
 21.05827 -39.24152 -0.34692  10.11091 -10.88807 -1.44645 -1.59002
-13.53921 -15.69396  16.91966  4.00138 -6.26958 -28.35902  0.07225
 11.58614  25.15204  10.63144 -8.57363 -9.41984 -0.06935  9.51486
-7.25396  17.31023 -6.63149  21.33053 -20.37111 -1.68393  7.88078
-44.94771 -7.82985 -12.96675  11.86829 -11.07010  20.33762  26.68403
 11.56583  1.57737 -12.94251  5.56794  10.92813  23.48132 -7.84825
-4.17097 -3.12111  16.94027 -35.41672 -15.67496  18.93424 -12.64575
-13.53990 -14.11169  9.05024  18.16103  20.49400  10.90579 -1.56951
 11.61589  7.86117 -6.68492 -32.12208 -14.21687  17.24088  4.70642
-0.93842 -6.25754  7.49723 -14.86233  18.81693  28.14756 -22.08733
 20.98396  14.15094 -6.61325  22.71976 -1.51083  1.64579 -4.69897
 24.11017 -17.26238 -3.46111  18.16725 -14.06269  1.47270 -10.97856
