-1.56125  42.50528  8.45248 -15.44018  15.88119 -41.05078  30.30012 -7.85762  4.75467  45.55675  14.16375 -22.00234  66.10054 -31.68933 -45.33080
 11.00105  26.82833 -16.63557  3.06262  17.02917 -30.91420  22.88880  7.84502 -11.03967  20.42584 -26.70392 -11.41385  24.98629  31.28904  20.40729
-11.03175 -11.16569  11.28431 -12.41286 -18.58861  34.80913  17.16833 -32.99599 -23.82776 -36.14609  20.44309 -3.21114  2.67945  6.40210 -26.04997
-23.55275  42.53961 -7.20492  26.20376  29.93855 -21.69849  8.51523 -23.57324 -1.50404 -20.36312  20.41892 -20.49428  0.06676 -32.53517 -42.40572
 30.01699  34.46835 -31.02858 -2.93307 -54.80884  59.13542  18.38179 -11.00714 -8.12506 -4.70328 -4.72332  22.03059 -26.50296 -15.74764 -35.25555
-4.63193  27.72211  9.37916 -6.30897 -41.81107 -35.86843  39.12814 -14.13004  4.67439 -7.84675 -23.55703 -9.76446 -25.85078  15.82118  9.74282
 4.71548  11.11831  2.22229  40.93286 -13.50688  9.12661  2.23858 -20.41649  4.66855 -39.26508  32.98520 -13.68107  0.06106  34.42820  4.71270
 10.99843  1.68959 -0.93689 -24.16389  11.50310 -22.05801 -4.04440  23.56776 -4.69701  23.55962  32.98876  0.90079 -16.13154 -30.48259  20.44127
-45.60589  8.10220  20.95190  27.90101  0.20441 -15.49791  33.09867  1.58137  14.27461 -11.00369 -14.11894  15.67193  21.86964 -25.52684  30.63630
-39.26321  17.40853  21.07005 -23.81386 -39.13847 -25.46909 -10.32776  17.29136  17.12087 -45.40017  29.84536  1.61192  9.40038  8.05995  10.99281
-20.40350  9.10320  23.75465 -21.97109 -27.70347  27.66978 -20.45052  11.00505 -21.51878 -10.99445  20.42660 -0.49359  27.80484  6.29504 -15.08217
-42.42262  7.77161  4.73855  22.08978  6.53877 -62.20943 -30.02091  4.71747  14.25386 -17.28845  23.57096 -40.88480 -6.99390 -6.21785  14.87734
 23.56748  1.69268 -13.49562  48.98173 -4.51948 -40.65428  46.22667  4.70577 -10.98321  20.41167 -7.85196  77.32802  12.39216  30.10197 -14.15442
-42.40819  14.25450  5.35531 -34.60391  2.23219 -3.48762 -33.66424  58.11764  23.59850  32.98390  17.27737  1.08102 -43.99257 -65.89729  23.56226
-17.27417 -14.01795 -13.48859  19.15153 -47.66382 -9.42041 -19.73710 -42.41439  36.09487 -39.27525 -26.70544 -10.13496  6.64277  9.08914  23.57567
 10.99796  39.36151  35.90431 -12.52368  25.01275  21.46440 -23.81531  10.99769 -17.34711  11.01000 -4.70556 -12.63236 -10.09416  0.00896  9.08197
 10.99711  64.52742 -19.80434  7.49566 -3.49214 -37.59516 -19.86612 -10.99588 -1.55966 -14.14082  36.10379 -34.74514 -2.90306 -26.32910  11.10395
 26.71262 -4.59177  11.63592  15.71038  64.08312 -9.22805  10.33127 -11.00341  14.17533 -42.40781  10.99372 -17.76650  8.87508  9.38232 -17.30364
-33.00542 -26.65629  24.16854 -22.25462  9.29833 -22.26518  35.90454 -23.56680 -20.32360 -1.57491 -26.67795  6.25693 -3.06994 -40.60267 -10.53723
 23.56836  51.97956  29.59819  28.29749  3.05795  8.83602 -1.77897 -20.41871 -4.81372  32.97230 -4.70433 -3.05310 -13.27069  12.55739 -3.50495
-1.56287  7.97729 -32.34468  43.22529 -57.64385  25.25342 -10.32930  1.57733 -58.13835  36.13453 -1.56948 -61.90061 -9.66765 -11.77201  39.25557
 20.42261  4.83933 -35.48861 -35.95479  17.23209  65.95494  22.88467  32.99468 -32.97520 -17.28405  1.57133 -14.01744 -19.22619 -30.05375  42.42654
-17.27705  39.37523 -0.94771 -47.03937  3.31562 -12.84129  16.68099 -86.39265  10.95354 -1.56926  58.13156 -18.83666  25.05273 -40.90059 -42.32987
-20.41637 -14.00705  14.78782  17.19059 -29.69726 -34.60177  21.09343  58.11148 -1.57737  1.56514  14.13938 -51.85687  3.46014  1.62691  4.69406
 42.41548  29.97821 -26.05867 -20.31515 -23.31864 -0.02212 -17.94468  67.54057 -11.00683 -1.56636  29.84718  7.44018 -9.09091 -29.70517 -7.83846
 42.41261  7.81359  13.81264  31.31763  9.68157  15.99661  6.22091 -17.28568  10.97420  11.00549  61.26637  9.48129  33.65417 -18.70788  5.64497
-17.27926  17.40217 -10.36264  21.10542 -47.96655 -12.60509  22.90251  4.70969 -33.01114  10.99799 -23.55173  18.17375  18.45965  51.12780  48.67283
-7.50344  38.54184  14.51808  15.24701 -6.13451 -28.29728 -4.73879  20.42002 -2.45560  23.59679  7.81806  25.12747  2.85239 -31.04627 -52.52244
-7.81336  18.09422  8.43341 -18.89999  3.62843 -34.89020  1.52706  1.57091  13.49462  17.28230 -26.71793  3.38240 -3.06415  50.26383 -8.59430
-45.62148  28.57951 -9.28477 -6.87981 -1.34405  23.40544 -32.92250 -4.71103 -39.27919 -45.54606  1.56947  16.10951  40.01616  16.23365 -9.42235
 48.68120 -1.48337 -16.72612 -47.73834  34.72115 -6.43130  1.91042  20.41535 -4.66678  26.71607 -29.79963 -34.56676 -15.53396  27.66280 -10.64571
 7.85736  1.68957  33.63292  50.70891 -19.88535  47.06051  30.50478 -14.13284  29.80690 -4.71880  7.85871  32.27901  41.13660  5.87550 -39.28538
-1.56476  23.67968 -0.92915 -31.40664 -16.31321 -22.40774  13.44971  4.71054  45.59021  29.84547  1.56675 -6.72071  18.90698 -37.65576 -14.14537
-10.99320  29.96645 -35.48208  4.81996 -20.60217 -37.34975 -39.94065  20.42690 -32.71779  13.87818  7.85008 -7.86447 -9.43142  42.25207  10.99649
 70.66803  14.23688 -1.02694  32.70265 -12.38390 -0.12788 -48.97824  42.40707  10.96666  36.12135 -20.39546 -12.54182 -31.22645 -7.55731 -23.16618
-10.95672  27.24191 -10.47982  0.07746 -6.56200  43.78561 -11.07381  10.98877  11.38561  20.42207  4.72836 -31.33635 -31.27693 -47.15427  19.65487
 1.57726 -36.09657  114.48876  19.15231  9.23083  0.08304 -15.08556  45.54330 -61.27517 -23.57994  11.00536 -28.31721  28.87956 -6.02584  28.07838
-1.60146  14.27531  39.64602 -38.20094 -2.98333 -31.36182 -23.34121 -17.28131  17.33501  1.57766  11.00736  3.14041 -41.07888  22.51885 -24.49801
 29.82566  1.44740  23.09955 -12.34159  15.43537  48.58483  30.60666  7.86891 -4.64370 -32.99906  10.99252 -6.27493 -5.00140 -12.37217 -11.78530
-61.25210  14.24363 -60.65625 -3.65735  15.47472 -28.44708  27.22408 -7.84829  10.97012 -42.41460  23.59073 -47.05014 -15.53829  0.52096  20.26163
-10.98254  20.72969 -9.78729  34.88744  2.90180  8.84553 -34.14066  51.83718 -45.55838 -51.83245  32.98058 -43.92171  12.11886  15.42053  27.96389
-1.48270 -36.82711  36.64264 -44.09246 -37.58598 -18.61245 -20.38004  1.54990 -7.03271  1.56239  1.57532  50.05429  12.71804  12.67948  26.01699
-61.25597  20.53990  46.20006 -19.25428 -11.09023  28.13296 -48.02562 -10.98859 -26.65533 -23.57866 -23.56152  11.07540 -9.21334 -27.82622  23.56597
-61.28351 -7.72690  8.06794  25.49389  6.14248 -19.05704 -10.90628 -48.70163  4.78016  1.58321 -1.55701  25.15298 -28.71215  18.46058 -3.85718
-7.85123  7.98489 -13.48717 -27.36454 -1.73363 -40.59939  27.37237 -10.98946  7.79510  14.09760 -4.70942 -32.99889 -18.96145 -27.40776  51.83109
-1.56622  11.11862  33.62364 -9.60986  46.03124 -13.16255  8.53485  32.98175 -23.52141  17.28243 -1.57660  20.72378 -56.78794  9.28418  29.85798
-7.84807  51.95636  11.62846  30.50552 -10.59485  2.96108  17.95740 -7.85001 -26.71235  20.41704 -4.71429  32.42363 -9.96363  35.50033  4.69429
 4.70644  10.99284  64.22007 -38.05504 -6.05613 -41.10666 -21.89214 -39.26881  4.70993 -4.72290 -26.71111  31.36679 -3.89945 -18.53432 -11.96002
 32.98935 -29.72057  17.91570 -14.02044  13.41967  3.29387 -43.06315  10.99878 -29.84952 -26.70318  26.70120 -2.45725 -25.63818  7.94474 -7.88279
 4.71560  4.83600  14.78544  11.94325  42.70972 -6.65080  33.65979 -23.55271 -1.61538 -26.72663 -23.55763  26.83040 -15.69788 -71.68056  7.85223
 32.97377  14.26705 -26.11297  5.44470 -34.37037  12.29024  23.49638  4.70699  1.54613  54.98025  7.86133  50.23307  3.20631  33.69859 -5.32589
 64.39719 -1.10068 -51.42450 -18.81957  6.46270  3.18356 -4.77928 -14.13583  29.48484 -17.28576 -17.29171 -9.41564 -15.46136  6.22199 -3.94005
-36.12172 -14.01470  14.77543  3.14711  27.17077 -9.51934  19.75711 -20.41495 -26.75462 -29.84689 -7.84992  11.63930 -5.83600  25.08068 -26.68102
 4.71904 -14.00981  17.92324 -15.89158 -58.19920 -6.79167  63.72814  7.86076 -7.81310 -29.85068 -29.84899  61.16535  15.85810 -21.85273  1.56242
-10.99803 -7.72406  17.92130 -35.53983  13.97773 -56.85882  17.94118  7.84709 -14.15135  45.54941  10.98796 -55.30564 -19.51783 -8.48208 -4.69183
 1.58174  7.96296  26.92733 -31.17674 -75.55584  3.13479 -46.14082  14.14126 -14.09743  4.72509 -7.84154 -21.97582 -12.90124 -3.33904  15.95885
 70.67808 -32.98404  11.57035  3.02760  6.39821 -34.32475  30.03253  17.27923  1.70349 -1.57673 -54.95441 -18.89049  9.52461  18.75779 -7.35778
 26.70985 -58.00276 -44.94185  10.84266 -31.03745  25.19539  5.31528 -14.13839  42.41290 -1.57060  1.56129 -3.36935  34.84067  29.97829 -54.90629
 1.57917  11.11042  24.19627  28.63059 -14.80850  2.92785  8.51347  29.84232  4.68274  1.56870 -11.00109  44.71411  22.55834  9.03126  7.82812
 7.85929  33.10595  2.20152  8.40615 -20.11436  40.72693 -19.75118 -36.12410  7.86920 -32.98303  45.55074 -7.38607 -53.16645  8.37489  45.53689
-1.56562 -29.72682  21.05466  52.21878 -24.25213  3.10039  13.47235  14.13427 -36.13883  14.13633  14.13068 -8.70879 -2.74528  39.62399  17.25382
 45.77076 -28.34125  9.79672 -15.44030 -13.99246  19.30936  40.45130 -10.97705  86.11638  10.99980 -4.72049 -28.30245  26.54992 -15.75738  8.69802
 1.57282 -7.72944 -10.34835 -22.36235 -71.16312 -18.39931  22.88849 -7.84204  14.09481 -32.99598  1.56740  20.72607 -9.33557  5.95756 -10.98991
 14.07770 -36.11128 -26.35245  3.96673 -9.24924 -40.67683  7.68921  20.40640 -14.23493 -23.54224 -10.96864 -31.42886 -19.25173 -51.07150  2.14290
 1.57177 -64.27890 -4.06435 -38.02530  42.69506  25.13848  16.59889 -10.98627  23.61048  36.12259  26.70314 -7.40099  19.20750  50.54697  7.86843
-7.90041  10.49196  11.12123  12.47731  15.20785  19.32355  23.50705 -17.26967 -13.60449 -4.73234  14.11815  75.18612  41.41312  0.03907  3.90772
-23.54151 -4.85907 -13.70145 -72.32564 -12.39839 -28.27330 -1.66985  45.54940  11.26439 -7.86121 -10.98137 -65.97284 -78.81905 -28.17298  21.02833
 4.71919  61.38952 -7.20750 -36.91523 -23.72299  2.84861  63.73229 -20.42927  17.33829  45.51265 -20.42054 -17.26446 -18.91425 -7.11352  23.56159
-7.85662  14.25728 -26.06848  1.35427  5.13093 -5.45476 -19.74641  20.42514 -45.54689  4.70332 -4.71114 -17.86036 -21.51869  20.64988 -1.56424
-4.66569 -7.17242  24.41701  15.62961  38.33169 -27.56708  1.49108 -39.26300  1.92751 -14.13749 -1.58051  31.74786 -15.93950  34.53893  0.74522
 1.56884  40.07085  14.68195 -12.57305 -3.55757  6.01625 -20.46953 -14.13138 -11.63948 -20.42940  7.87698 -6.47430 -6.39865 -9.46199  22.82464
-7.89881  17.34495  2.10250 -22.79365 -12.40878  34.40382 -1.41987  1.56535 -14.06145 -23.57591 -1.60541  3.13759  3.30453  19.63383  46.08910
-10.99210  11.11485  8.49534 -19.35237 -42.26613 -6.18107 -46.22988 -14.14461 -76.93419  7.86625 -23.55981 -13.82751  9.68183 -24.66839 -36.11995
-7.84801 -10.87556  17.93410 -56.94361  9.30362 -50.09012 -3.91542  7.85250  29.81807 -1.56959  1.55731 -21.94598 -34.36011  9.86178 -10.88132
-32.98120 -14.02103 -10.37138  25.41492  45.23806  70.61800  8.53742  14.13135 -10.98656 -42.41039  29.84644  1.07911  1.29202 -15.38650  45.60798
 20.42389 -39.14504 -4.05927 -14.72043  28.70942 -40.73744  10.30257  10.99792 -17.26902  1.57745 -39.27274 -15.11063 -9.69061  26.14712 -32.95737
-17.27263  20.54397 -10.35244 -8.33277  42.29402  34.32462  8.53394 -26.70989 -17.33701 -26.74851 -7.85803 -48.64292 -15.83395  10.47807  14.14393
-1.56342  11.11696 -4.07124  12.10535  14.83736  2.55834  30.51578 -10.98442  4.67250 -14.12507 -32.99541  5.24370 -37.47453  38.11143  17.29102
-39.26729  7.98520 -0.85264 -16.59460 -6.31271 -9.63223  46.34085  45.55136  1.56073 -39.26770  14.13786  9.29355  28.90219 -38.61478  42.28542
 4.72439 -1.54693  17.73965 -6.13559 -28.44033  21.98721  39.06263 -1.57234 -20.33171  32.98326  17.26744 -3.14721 -19.12690 -56.72229 -8.35273
-4.70654  4.64450 -7.39604 -21.98864  59.85032  9.44534  36.25989 -10.99218  17.46923 -7.84634 -11.01159 -9.41630 -75.65997  3.11027  11.56255
 29.76250  1.56974  30.28555 -14.95804 -31.57429 -3.13180 -10.89279  32.98755  17.13932  17.29903  26.73780 -0.00091 -6.01227 -0.72491  0.97133
 29.84605 -58.00835  58.75962 -17.45514  12.52907  9.33343  30.55947  42.41145  4.71269  4.71250  14.13760 -6.08920 -0.27743  11.14900  58.07810
 23.55004 -1.46981 -13.60630 -20.27243 -12.74634 -3.25078  29.55380 -4.70907 -26.72369 -29.83578  14.11706  3.11864  0.20381  1.40685  10.60041
-7.84978  1.69631  8.48932  12.27829 -35.77477  22.04351 -21.09441  54.98769 -33.03119 -51.85107 -42.40665 -13.95763  9.12326  0.33987  10.98532
 1.57448 -42.28438 -60.62631 -23.62035 -33.11619  2.93043 -0.89212  42.41693  7.82108  7.82573 -1.56864 -33.02493 -18.99193 -7.94728 -29.85742
-29.82901 -38.81770 -15.72020 -15.72903  2.83270 -50.26932  9.71220 -1.57151  39.34296 -10.99066  14.13572 -40.92840 -11.40992  15.71744 -38.52843
 36.13193  1.69086 -38.62451  12.28054  67.51728 -37.72921 -10.32606  4.71831  1.52821 -10.98728 -4.70830 -17.42305 -15.32087 -47.45021 -26.69019
-20.43131 -20.44064 -41.82646  37.60535  6.38588 -44.23767 -13.98596  1.56959 -17.12486 -10.99950 -7.83495 -31.36670 -21.90604  53.33436 -19.89019
 32.98796 -14.01430 -22.91163 -35.05987 -11.31901  28.38447 -39.94915  7.84565  4.75128  23.57159  23.55805 -64.25492  28.02487 -5.82085 -11.00583
-20.41744  33.09746  27.32609  3.19752  3.39560 -2.94745  32.41182 -29.84547  10.95349  10.99773 -36.15602 -28.36169 -40.99255 -25.18426  4.80839
-20.42361  29.96713  24.21181 -0.42155  42.21552  60.10360 -11.66746 -4.70745 -51.81043  7.85898 -67.53938  11.02289 -13.33703 -18.46709  39.24495
-51.83167 -39.14100 -0.92172 -0.06701 -29.79034  19.19715 -14.80075 -14.12742 -29.80651 -39.26944 -29.84148 -4.94064 -2.43731 -50.28012  32.95839
-14.13291 -10.86897 -16.63575 -13.65325 -1.44828 -9.19868 -49.37014  20.42499 -7.79288  14.18602  1.56971  14.17816  31.54596  1.13524 -17.28824
-14.14613 -17.14716 -19.70440 -1.54012  9.23954 -43.51438 -1.66877  20.41717  23.55197 -29.84660 -29.84611 -15.68180 -56.63045 -48.70411  33.76320
-7.84638 -42.28451 -41.78527  1.43578 -7.42687  3.69910 -17.95166 -7.84179 -7.82568  36.10132  23.56050 -17.01818  28.47760  14.31914 -29.85415
 39.27206  20.53912 -16.64873  29.71010  16.60715  37.41970 -13.44850  29.85410 -11.00904 -45.55887 -26.70692  11.51311  25.21001 -14.31099  4.69489
-14.11096 -1.07413 -38.73923  18.79244 -44.26002  18.63601 -10.90768  20.42285  20.77200  32.99174 -51.85284  18.93174  37.82544 -34.57252 -0.80147
 55.02437  36.51150 -13.64495  21.84215 -3.36302  34.39373 -1.46710  20.42758 -23.81708 -7.85907 -17.26155  15.75031 -44.14217 -6.39153  36.92041
-10.99199  36.25504  8.50576  53.07587  42.73473  3.25420 -14.80743  29.85073  80.14827  4.70385 -23.56420  58.61922  34.30968  37.98659 -45.56483
