 0.16434  0.61021  0.88214
 0.29791 -1.54948 -1.29497
 0.41304  1.41878 -0.57252
 0.20346 -1.28538  1.19243
-1.45363  0.48479  1.05096
 0.11575  0.23409 -1.03699
 0.90801 -0.37286  0.85056
-0.36642  0.48581 -1.16202
-1.02004  0.87701 -1.19386
-1.55416 -0.46875 -0.39028
 0.72976 -1.09373 -0.92685
 0.47481  0.85081 -0.64825
-1.23269 -0.73469  0.30483
 1.02240  1.44776 -0.75547
 0.24580 -1.22617  0.75333
 0.56235  0.81671 -0.19569
 0.73251 -0.78688 -0.48905
-0.07901 -1.56385 -1.25630
 0.72116  0.06969  0.79923
 0.45996 -0.19289  0.38847
-0.07460  1.18320  0.88753
-0.48458  1.56339  1.25974
 0.30092 -1.00522  1.44681
-0.61545  0.85190 -0.77145
 0.23128  1.55601  1.23195
-1.19190 -0.30102  0.80384
-0.39570  0.83637 -0.50467
-0.22925  1.28243  0.89952
-0.83588  1.42678 -1.14403
-1.22959 -0.19470  0.16164
-1.07648  0.33496 -1.23375
-1.30797  1.22486 -0.84749
 1.04822 -1.50305 -1.42610
 1.12346 -0.07836 -1.53090
-0.72274  0.94764 -0.70680
-0.35178  0.07416  1.35150
-1.01500 -0.82209 -0.19600
-0.40978  1.25640 -1.48979
 0.39483 -0.88932  1.02266
-1.00259  0.90282 -0.11800
 0.03413 -0.19827 -0.34759
 1.43830  0.30395 -1.50166
 1.01846 -1.20758  0.77580
 1.00781  1.53832  0.02405
 1.12822  1.05621  0.41820
 0.65389  1.15902  0.56346
 0.64503  0.62232  0.29197
-1.08260  1.02942 -1.10545
 0.43369  1.36943 -0.86951
 1.12822 -0.02250 -0.98327
 1.34728  0.25652  0.26893
-0.57966  0.46488  0.42859
 0.57076 -1.24995  1.14013
 0.99853  0.26604  1.09776
 0.97906  0.22187  0.99141
 1.51045  1.41139  0.92571
 1.54697  0.48434  0.16009
 0.83919  1.00434  0.15278
 0.99987 -1.29503  1.07774
 0.01144 -1.16644  0.57681
-1.00565  1.03775 -1.18902
 0.53783 -0.46877  1.05594
-0.93507 -1.53504 -0.64078
 1.56323 -1.33164  0.83021
-0.55774 -0.38866 -0.50167
-0.94477 -0.02242 -0.45666
 0.87634 -1.26934  1.41825
-1.34189 -1.54756 -0.20820
 1.06822  0.95254  1.29827
 0.21258  1.47070 -1.06633
 0.47010  0.70919 -0.25914
 0.93442  0.33178  0.87530
 0.32224 -1.12857  0.19162
 1.52440  1.01239  0.75216
-1.07876 -1.00878  1.34405
-1.44036 -0.05758  0.13716
 0.10624 -0.80996 -1.04895
-1.49655 -1.56014  1.22721
-1.30722 -0.16901  1.07338
-0.89131 -1.41060 -1.14138
 0.36513  0.36603 -1.08659
 1.27924  1.36607  0.29810
 0.21534  1.05490  1.18424
-0.47060 -0.53563 -0.79728
 0.42443  0.06655  1.02674
 1.25899 -1.27780 -0.97505
 1.24796 -0.65875  0.20767
-1.35998 -0.28405  0.66580
-0.23995 -0.20623  0.59495
 0.18729 -0.03507 -0.40844
-1.42202  0.44310  1.43941
 0.32011 -1.36442 -1.36146
-1.22606  1.06165  0.78614
 0.60439 -1.00931  0.15504
 1.27965  0.49198 -1.35410
-0.21487  0.92635 -1.44146
 0.81377 -0.82764  1.30128
 0.68150  0.25756 -0.34352
-0.72188 -0.75515  0.12036
-0.50852  0.60215 -0.12512
