-1.45149
-0.23948
 1.02901
-1.29892
 0.57714
 0.33944
-0.86243
-0.37697
-0.48477
 1.23856
 0.97645
-0.28940
 0.67007
-0.58932
 0.67821
 1.26427
-0.58303
 0.84758
-1.49471
-0.92214
-0.98872
 0.45902
 0.58734
-0.50820
-1.35586
 0.26922
 1.27506
 1.42707
 1.25485
 1.32699
 0.24287
-0.24087
 1.31818
-0.75760
 0.62330
-0.27647
-1.11533
-1.11444
 0.53998
-0.08728
-0.59841
-1.21159
-1.41784
-0.38916
 1.39040
-0.37035
-0.85210
 0.93072
-0.97358
 0.63061
 0.71810
-0.90178
-0.80366
-1.38386
-1.44419
-0.24562
-0.95363
-0.41646
-0.44622
 0.48404
 0.52453
 0.62680
 0.59099
 1.47717
 0.74964
-1.42929
 1.40545
-1.13313
 0.90645
 0.25356
-1.47743
 0.07463
 1.39933
 1.52197
 0.53409
 0.21740
-0.65967
-0.37255
-0.07662
 0.30558
-0.59038
-1.51730
-1.01794
 0.04449
 0.96028
 0.69008
 0.47968
-0.27982
 1.33729
-1.38667
 0.82530
-0.52432
-0.05680
 0.50101
-0.76452
 0.14184
 1.52131
-0.57156
-0.40781
 1.19511
