-2.09919
-2.11216
-1.98807
-1.97359
-2.09110
-2.04617
-2.04918
-2.07878
-1.96172
-1.97946
-2.03861
-1.96250
-2.11568
-2.11360
-1.90217
-1.91801
-2.09456
-2.11735
-2.09188
-1.99097
-1.97708
-2.00899
-2.03471
-2.11830
-2.06687
-2.08864
-2.09237
-2.14172
-1.97134
-1.85737
-2.15016
-1.99875
-1.88600
-2.04056
-1.76341
-2.00238
-1.86829
-2.00268
-2.06276
-1.82808
-2.05945
-1.95956
-2.02485
-2.16106
-2.01622
-1.94169
-2.02193
-2.06506
-2.01295
-2.01832
-1.91028
-2.29372
-2.06727
-1.98204
-2.07204
-2.07484
-2.07441
-1.96917
-2.02278
-2.08053
-2.09510
-2.15450
-2.04152
-2.16605
-2.06328
-2.08490
-2.08019
-2.02276
-2.07518
-1.99562
-2.03953
-2.02286
-1.99991
-2.02931
-2.12154
-2.06127
-1.97163
-2.03662
-2.03696
-2.05183
-2.00247
-2.16396
-1.87250
-2.11005
-1.92434
-2.00477
-1.94148
-2.06810
-2.04624
-2.06632
-2.07212
-2.14119
-2.08938
-1.93696
-1.82193
-1.98366
-2.12325
-2.00365
-2.05524
-2.04030
