 3.19135 -3.92283  3.53001  3.35515  3.25662
 3.19135 -3.92283  3.53001  3.35515  3.25662
-3.09185  2.36036  2.75320 -3.35513  3.25661
 3.19134 -10.20601  2.75320 -3.35513  3.25661
 3.19135 -3.92283  3.53001  3.35515  3.25662
-3.09186 -3.92280 -2.75318  2.92804 -3.25661
 3.19130  2.36035  9.03636  3.35515  3.25660
 3.19130  2.36035 -3.53001  3.35515  3.25660
 3.09187 -3.92281 -2.75322  2.92805  3.02660
 3.09187 -3.92281 -2.75322  2.92805  3.02660
 3.09184  2.36036  9.03636  3.35515 -3.02657
 3.09187 -3.92281 -2.75322  2.92805  3.02660
 3.09185  2.36034  2.75319  2.92805  3.02656
 3.09185 -3.92284  3.53003 -2.92803  3.02655
-3.09186  8.64357 -2.75318  2.92804 -3.25661
 3.09187 -3.92281 -2.75322  2.92805  3.02660
-3.19133  2.36034  2.75319  2.92805  3.02656
 3.09185 -3.92284  3.53003 -2.92803  3.02655
 3.09185 -3.92284  3.53003 -2.92803  3.02655
 3.09185  2.36034  2.75319  2.92805  3.02656
 3.19135 -3.92283  3.53001  3.35515  3.25662
 3.09185 -3.92284  3.53003 -2.92803  3.02655
 3.19130  2.36035 -3.53001  3.35515  3.25660
 3.19135 -3.92283  3.53001  3.35515  3.25662
-3.09185  2.36036  2.75320 -3.35513  3.25661
 3.19135 -3.92283  3.53001  3.35515  3.25662
 3.19135 -3.92283  3.53001  3.35515  3.25662
 3.09185  2.36034  2.75319  2.92805  3.02656
 3.19135 -3.92283  3.53001  3.35515  3.25662
 3.09185  2.36034  2.75319  2.92805  3.02656
 3.19135 -3.92283 -9.03636  3.35515  3.25662
 3.19135 -3.92283  3.53001  3.35515  3.25662
 3.09189  2.36040  2.75321  2.92808  3.02662
-3.19130  2.36040  2.75321  2.92808  3.02662
 3.19129 -3.92279  3.52999  3.35514  3.25659
 3.09189  2.36040  2.75321  2.92808  3.02662
 3.09184  8.64348 -2.75315  2.92802  3.02653
 3.19136  2.36033 -3.52999  3.35513  3.25664
 3.19136  2.36033 -3.52999  3.35513  3.25664
 3.09184 -3.92289 -2.75315  2.92802  3.02653
 3.19136  2.36033 -3.52999  3.35513  3.25664
-3.09190 -3.92279  3.52999  3.35514  3.25659
 3.09182  2.36032 -3.53000 -2.92803  3.02653
-3.09190 -3.92279  3.52999  3.35514  3.25659
 3.19136  2.36033 -3.52999  3.35513  3.25664
 3.09184 -3.92289 -2.75315  2.92802  3.02653
 3.09189  2.36040  2.75321  2.92808  3.02662
 3.19136  2.36033 -3.52999  3.35513  3.25664
 3.09190  8.64360 -9.03642 -2.92807  3.02663
 3.19129 -3.92279  3.52999  3.35514  3.25659
 3.09189  2.36040  2.75321  2.92808  3.02662
 3.09189  2.36040  2.75321  2.92808  3.02662
 3.09187  2.36030 -3.52999  3.35515 -3.02657
-3.19134 -3.92289 -2.75315  2.92802  3.02653
 3.19136  2.36033 -3.52999  3.35513  3.25664
 3.09189  2.36040  2.75321  2.92808  3.02662
 3.09182  2.36032 -3.53000 -2.92803  3.02653
 3.09189  2.36040  2.75321  2.92808  3.02662
-3.19130  2.36040  2.75321  2.92808  3.02662
 3.19136  2.36033 -3.52999  3.35513  3.25664
 3.19136  2.36033 -3.52999  3.35513  3.25664
 3.09184  8.64348 -2.75315  2.92802  3.02653
 3.09189  2.36040  2.75321  2.92808  3.02662
 3.09182  2.36032 -3.53000 -2.92803  3.02653
 3.19131  2.36036  2.75319 -9.63832 -3.25659
 3.09189  2.36034 -3.53001 -2.92803  3.02659
-3.19133  2.36035  2.75317  2.92804  3.02658
 3.19131 -3.92284  3.53001 -2.92802 -3.25662
 3.09185 -3.92281  3.52999 -2.92806  3.02659
 3.09185  2.36035  2.75317  2.92804  3.02658
 3.19134 -3.92286  3.53005  3.35519  3.25664
 3.19134 -3.92286  3.53005  3.35519  3.25664
 3.09187 -3.92282 -2.75318  2.92805  3.02656
 3.09187  2.36037  2.75321  9.21125 -3.02660
 3.09187 -3.92282 -2.75318  2.92805  3.02656
 3.19131  2.36038  2.75322 -3.35511  3.25658
-3.09187  2.36038 -9.81315  9.21127  3.25658
 3.19135 -3.92283 -2.75317 -9.63836 -3.25663
 3.09189  2.36034 -3.53001 -2.92803  3.02659
 3.19131 -3.92284  3.53001  9.63835 -3.25662
 3.09187 -3.92282 -2.75318  2.92805  3.02656
-3.09187  2.36037 -3.52999  3.35510  3.25660
 3.19131  2.36037 -3.52999 -9.21127  3.25660
 3.19131 -3.92284  3.53001  9.63835 -3.25662
 3.09186 -3.92284  3.53002  3.35518 -3.02658
 3.09186 -3.92284  3.53002  3.35518 -3.02658
 3.19131 -3.92284  3.53001  9.63835 -3.25662
 3.19134 -3.92286  3.53005  3.35519  3.25664
 3.09186  2.36035 -3.53002 -9.21123 -3.02657
 3.09189  2.36034 -3.53001 -2.92803  3.02659
 3.19131  2.36038  2.75322 -3.35511  3.25658
 3.19131  2.36037 -3.52999  3.35510  3.25660
 3.19131 -3.92284  3.53001  9.63835 -3.25662
 3.19134 -3.92286  3.53005  3.35519  3.25664
 3.09187  2.36037  2.75321 -3.35512 -3.02660
-3.09187 -10.20599  2.75322 -3.35511  3.25658
-3.09187 -10.20602 -3.53001  3.35515  3.25662
 3.09184 -3.92284 -2.75317  2.92803  3.02657
 3.19132  2.36037  2.75320 -3.35513  3.25659
 3.19134 -3.92282  3.53000  3.35514  3.25660
