 0.66710 -0.33685  0.43803
 0.77537  0.63978  1.22092
-0.77209  1.06930 -0.32290
 0.87959 -0.56312 -0.24181
 0.23532  0.26363 -0.89776
-1.33950  0.29170  1.26566
 1.37626 -1.46428 -0.91318
-0.16633 -0.12584 -1.12719
-0.38992  1.07829  1.41423
-0.35432  0.60611  0.83401
-1.23058  0.44924  0.30153
-1.40692  0.71675  0.62721
 1.48987  1.44412 -0.21969
-1.45646 -0.04550  0.58062
-0.49139 -1.47016  0.97606
 0.74812  0.10925  0.45925
-1.05062  1.14034  1.27551
-1.10769  0.43585  0.41284
-0.69682  0.60320 -1.50276
 0.43577  1.36462 -0.35615
 0.58233 -0.70604  1.36126
-0.75238 -1.39446  1.44353
 1.41414 -0.69574  1.16512
 0.61574  1.53838 -0.79585
 1.08597 -0.32332 -1.25661
 1.11084 -0.64884  1.23348
 1.04906  0.47238 -0.87752
 1.21774 -0.25767 -1.12623
-0.20582  0.53635 -1.21939
-0.09442 -0.08723 -1.08120
 1.09456  0.95569  1.47195
-0.99282 -0.23088 -0.78304
 0.67326  0.19313 -1.13859
 0.30200  0.88839 -1.12146
-0.97960 -0.84817  0.70912
-1.15531 -0.90585 -0.19206
 0.26959  1.41893 -0.00073
-1.48500  0.42420  1.44375
 0.25320 -0.98617 -0.16255
 0.90462  0.55577  0.80620
-1.28730 -0.80887  0.60744
 1.51917  0.77253  1.48530
 0.02243 -0.23124  0.14872
 1.02614  0.71313  1.22745
-1.45303 -0.35678  1.34694
-0.88253  0.28837 -1.25706
-0.82499 -1.27881 -1.21793
-1.45138  1.52480  1.22858
-0.01121 -0.89499  0.02523
 0.35648 -0.50776  1.40580
-1.47525  0.28911 -1.46665
 1.52020 -1.26770  1.32600
 1.38842  0.05425  0.14522
 0.67937  0.80696  0.84047
 1.05785 -1.30732  0.72501
-0.08771  0.50169 -0.59042
 0.34189 -0.08248  0.93765
 1.37917 -0.84182  0.57010
-0.79558 -0.13723 -0.14219
-0.58636 -0.04464 -0.83235
-0.09987 -0.82953 -1.19971
-1.43358 -0.01019  0.61628
 0.52909 -1.52762  1.31611
 0.51510 -1.36250 -0.50426
-0.14712  0.67860  1.28588
 0.67298 -1.34079  0.55033
 1.17041  0.04154 -1.38364
-1.29484  1.46271  1.55896
-1.32045 -0.33164 -1.36439
-0.37377 -0.95570 -1.16083
 0.81025 -0.35446  0.30849
 0.34734  1.05133  0.63468
-1.07352  0.08090 -0.96351
 0.73759  1.15326  0.79145
 0.85778  0.36251 -0.28466
-1.30339  1.52318  1.41998
 0.10682 -0.75750  1.40903
-1.52746  1.18955  0.10412
-0.53833  0.69769 -1.04779
 0.32079 -0.22873 -0.58963
-0.87169  0.60711  0.77684
 0.40676 -0.25513  1.12625
-1.16934  1.30520  0.44061
-1.13637 -0.15960 -0.42513
 0.60505 -0.83349 -1.52440
-1.28257  0.89086 -0.85582
 0.81005  0.14068  0.99437
-1.31679 -0.06068 -1.43983
-1.52734  0.28224 -0.10671
 1.36846  1.36000 -1.34228
 1.04061  1.48508  0.35913
-1.08796 -0.57495  0.15063
 0.04820 -0.86106  0.06734
-1.25112 -1.04990  0.65596
 1.47628  0.36940 -0.74321
-0.21603 -1.42133  1.38605
-0.25326 -1.47464  1.24792
 0.55728 -0.56127  1.02570
-0.46391  0.84354 -0.37755
 0.70960  0.59686 -0.18287
