-2.18357
-2.18358
-2.18350
-2.18355
-2.18350
-2.18356
-2.18358
-2.18355
-2.18356
-2.18357
-2.18356
-2.18357
-2.18355
-2.18357
-2.18356
-2.18357
-2.18356
-2.18355
-2.18355
-2.18355
-2.18358
-2.18355
-2.18357
-2.18357
-2.18350
-2.18357
-2.18355
-2.18350
-2.18357
-2.18355
-2.18355
-2.18357
-2.18355
-2.18356
-2.18353
-2.18355
-2.18353
-2.18354
-2.18354
-2.18355
-2.18353
-2.18353
-2.18355
-2.18353
-2.18355
-2.18355
-2.18355
-2.18354
-2.18357
-2.18355
-2.18355
-2.18356
-2.18355
-2.18356
-2.18355
-2.18355
-2.18355
-2.18354
-2.18355
-2.18355
-2.18357
-2.18355
-2.18354
-2.18355
-2.18358
-2.18358
-2.18355
-2.18355
-2.18358
-2.18355
-2.18355
-2.18357
-2.18358
-2.18354
-2.18358
-2.18355
-2.18357
-2.18355
-2.18355
-2.18357
-2.18357
-2.18355
-2.18355
-2.18358
-2.18355
-2.18354
-2.18358
-2.18355
-2.18358
-2.18355
-2.18355
-2.18358
-2.18358
-2.18358
-2.18357
-2.18357
-2.18354
-2.18354
-2.18351
-2.18355
