 3.00552  2.39568  2.82661
 3.00630  2.34945  2.83455
 3.24211  2.34319 -3.46872
 2.99290  2.35083  2.83684
 3.24210  2.41526 -3.43766
-3.00582 -3.91804  3.47726
 3.29486 -3.95399  3.56785
 3.28029  2.43484 -3.41996
 3.01809  2.32944  2.82742
 3.23517  2.36319 -3.48112
-2.97771 -3.93445  3.51324
-3.28669  2.39650  2.79169
 3.00086  2.38748  2.79572
-2.98772 -3.90292  3.52665
 2.99599  2.36800  2.76728
 2.99085  2.42145  2.80330
-3.23933  2.37459  2.83953
-3.01995 -3.92967  3.47841
 3.28978  2.45979 -3.52117
 3.32158  2.31627 -3.54236
 2.97291  2.40095  2.77647
-3.01371 -3.92978  3.54444
 3.01747  2.39650  2.74511
 3.27127  2.44250 -3.48137
 2.96960  2.39534  2.76800
 2.99327  2.40041  2.86121
 3.25770  2.43917 -3.47596
 3.00388  2.35634  2.80439
 3.31293  2.40084 -3.53504
 3.27343  2.42109 -3.48412
 2.98238  2.38238  2.76570
 3.26670  2.35941 -3.45681
 3.28124 -3.95913  3.51982
 3.03297  2.38186  2.81657
 3.30958 -3.90790  3.49302
 2.97580  2.44841  2.78472
 3.05539  2.37430  2.82499
-3.28415  2.46127  2.85568
 3.26031 -3.92749  3.47123
 3.01363  2.46854  2.83041
-3.00288 -3.91915  3.48986
 2.98233  2.37380  2.78137
 3.24691 -3.87826  3.42635
 2.97171  2.39872  2.80599
-3.25763  2.39139  2.80763
 3.00106  2.41907  2.80139
 2.97200 -3.95067 -2.76085
-3.32485  2.30557  2.79782
 3.30458 -3.86957  3.49529
 3.24390 -3.93444  3.51212
-3.01280  2.39453 -3.48417
 3.31123 -3.95458  3.51844
 3.00729  2.45800  2.79274
 3.04072  2.35805  2.78894
 3.27553 -3.89067  3.48665
 3.27344 -3.88123  3.47662
 3.27218 -3.91413  3.51081
 3.27067 -3.93302  3.47240
 2.96384  2.38235  2.78046
 3.29004 -3.88146  3.46490
 3.00676 -3.89230 -2.79475
-3.33091  2.41810  2.77786
 3.31875 -3.93181  3.53134
 3.27651 -3.87431  3.49995
 3.03453  2.45044  2.80942
 3.04690  2.34833  2.78892
 2.96671  2.36462  2.71253
-3.25287  2.40859  2.84520
 2.98915  2.37751  2.76057
 2.98944 -3.92075 -2.75000
 2.99153  2.33895  2.79873
 2.99539  2.38772  2.81297
 2.94753  2.38646  2.74590
 3.01174  2.41615  2.81300
 3.00391  2.35912  2.80609
-3.22455  2.41809  2.84067
 2.96271  2.35476  2.79278
-3.23920  2.37838  2.86191
 3.25595  2.36004 -3.46529
 3.05243  2.32487  2.84536
-3.28344  2.33487  2.79845
 3.02097  2.37731  2.82158
-3.28511  2.36742  2.76753
 3.01479  2.41262  2.82719
 3.04849 -3.89094 -2.81789
 3.03958  2.37330  2.82295
 2.96046  2.37798  2.76288
 3.23348  2.42259 -3.45195
-3.27954  2.38225  2.84941
 3.33708  2.37529 -3.53787
 3.06144  2.44975  2.89726
-3.27730  2.43393  2.88799
 3.02165  2.36619  2.82691
-3.26537  2.41356  2.80497
 3.04016  2.40701  2.84471
 3.33086 -3.93268  3.53911
 3.25663 -3.90686  3.50790
 3.03726  2.37333  2.85086
 2.99542  2.40799  2.84708
 3.08354  2.38819  2.85712
