 1.30368  0.47338  0.16582 -1.37334  1.09044
-0.04510 -0.37311 -0.51790  0.15039 -1.17887
-1.09791  1.06076 -1.56872 -0.35124  1.11668
 1.19782 -0.39938  1.15929  0.70257  1.22368
 1.36170 -0.37057 -0.89904 -0.39471  0.40004
-1.38824  0.55178  0.49492  1.40406 -1.05426
 0.79400 -0.45692 -0.79188  0.05192 -1.06157
 0.71554  0.45995 -0.20723  1.02348 -0.56565
 1.29415 -0.64626  0.29211  1.03273 -0.19969
-0.32767  1.02155 -0.00933  0.08408 -0.76423
 0.48984  0.15056  1.43230  1.41687 -0.18290
 0.42007 -0.49107  1.20496 -0.87272  0.39347
 0.33136  0.11533 -1.47420 -0.65863  1.36634
-0.86574  0.54291  0.84143 -1.01827  0.98349
-1.40861  1.02324 -0.24881  0.16789 -1.20772
 0.72263  0.47792 -0.80024 -0.63967 -0.47649
-1.41722  0.52423  0.34296 -1.40297  0.14472
 0.18223 -1.28274 -1.28505 -1.51792 -1.18472
 1.12614 -1.39554  0.59950 -0.85023 -1.33478
-0.36332 -0.63294  0.46507  0.04742  0.64861
-0.95209  0.48775  0.48660  1.42663 -0.52740
-0.99799 -0.42704  0.89622 -1.32088  0.71856
 1.34145 -0.78849 -1.18337 -0.01846 -0.38074
 0.46159 -0.64034 -0.97160 -1.53780  1.33850
-1.38476  0.00291  1.04541  1.33681 -0.02724
 0.58246 -0.89457 -0.66666 -1.05132  0.51967
 0.08295  0.24049 -1.08219  0.81274  0.35417
 1.44866  0.51666  0.04648 -1.48748  0.59508
-0.93062 -1.00146  1.25011  1.02637  0.47982
-0.68350  0.53731  0.69648 -0.93693  1.47251
 0.50274 -1.31897 -1.41150 -0.62623  1.16645
 0.44473  0.07534 -0.24914  0.45813 -1.42441
-1.01706 -0.26714  1.26630 -1.09150  0.44489
-1.30270  0.65569 -1.20106 -0.24005  1.55529
 0.49944 -0.53840 -0.90636 -1.45496 -0.72117
 0.48185 -0.25432  0.87511  0.24769  1.28623
-0.53687 -1.04664  1.14957 -0.87515  0.13564
 1.22279  0.11744 -0.41950  0.02450  0.19305
 1.08598  0.54542  0.23568  0.27773  0.44123
 1.08551 -0.38761  0.22369  0.17199  1.35628
-0.89025 -0.01230 -0.06722  1.24167  0.54232
-1.28813 -1.06370 -1.20161 -1.06081  0.19917
-0.94155  0.27185  0.25739 -1.49653 -1.07215
-0.71039  1.28492 -0.35774  1.32082  1.56391
-0.21334 -1.07817  1.11087  0.47235  0.30697
 0.77949 -0.97390  1.00216 -1.02736 -1.53880
 0.51212 -0.81665  0.19173 -0.78883  1.32965
-0.51839 -0.93154  0.46848 -0.52959 -0.70698
-0.83222  1.42183 -1.54715 -1.15790 -0.34180
 1.54739 -0.43379 -0.25916 -1.06090  0.95783
 1.15849  0.35959  1.15182  0.68069 -1.22279
 0.26128 -0.98821 -0.25863 -0.40188  0.19892
-1.15583 -0.43956 -0.93213  1.23030 -1.52686
-1.25735 -1.08729 -1.25223  1.02049  0.17249
 0.09067 -0.16292 -0.13368 -0.09461 -0.90244
 1.41570 -1.52458 -0.04668 -0.62262 -0.99368
-1.36287 -1.26058  0.40491 -0.86801 -0.99404
 0.40230 -1.15370  0.11129 -0.08742 -0.23417
-1.15165  1.04153  0.42792  1.07328  0.83099
-0.66562  1.18310  1.38647  0.41609 -1.36749
 0.17839  1.19713  0.43332 -0.54716  0.52947
-0.28365 -1.18564  0.56072  1.04746 -0.17142
-0.32859 -1.26771 -1.56659  0.10471  1.09980
-0.91273 -0.82194 -1.31869 -0.45296 -1.31378
-1.17309  1.19337  1.19926 -1.17329 -0.73841
 1.13033 -0.58465  0.10342 -1.35052  1.50532
-0.98621  0.94938  1.04090  1.36426  0.58926
-1.34228 -0.01527  0.20637 -1.03449 -0.85898
-0.19220 -1.38467 -1.49107  0.93591  1.15493
 1.44353  0.62149 -0.19799 -0.84169  0.30453
-0.47783 -0.88419  0.43983  0.99689  1.43724
-1.20573 -0.91923 -0.24199 -0.92573 -0.81121
-0.33922  0.82906 -0.51570 -1.38206  0.13463
-0.47072  0.31722  0.77515  0.38806 -1.24636
 0.93141  0.40767  0.60838 -0.23234 -0.53597
 0.14265 -0.06566  0.15643  1.24785  0.96751
-0.81967 -0.83179 -1.24199  1.15000  1.43321
 0.08776  0.45785 -0.01548 -1.30177 -0.63165
 0.85720 -0.37276 -0.79302 -1.07118  1.07000
 0.92162  0.06666  1.55607  1.13746 -1.14678
-0.99683  0.04411 -1.43281 -0.55614 -0.69774
-1.54411 -0.42252 -0.45032  0.41838  1.19440
 1.26546  0.44914  0.07492 -1.10962  1.31381
-0.83538  0.61542 -0.66580  0.09605 -1.16032
-1.18685  0.34333  0.69300  1.35264 -0.19289
-0.88613  0.62910 -0.38638  1.10870 -1.18183
 0.97074  0.54365  0.77688  1.20807 -1.29619
 1.15613  0.21701  1.42380 -0.63139 -0.77251
 0.21529 -0.55892 -1.34182 -0.75187 -1.32918
 0.66135 -0.47787 -1.26376 -1.09734  1.54919
 1.29268  1.23570  0.97398 -1.27920 -0.05596
 0.59549 -0.15141  1.36971 -0.59199  1.22271
-0.95316  0.63001  0.61580  0.27121 -0.65682
 1.31044  1.56835  0.23666 -1.22797 -1.29638
-0.63287  1.45469  0.73117 -0.94211 -0.89279
-1.22621  1.07905  1.31409  1.39621  0.07019
-1.45893 -1.16449 -1.34265  1.29287  0.94951
 0.92001 -1.42992  0.26712 -0.69371 -1.50247
 1.48573 -0.12477 -0.90532  1.36898 -0.92055
 1.09932 -0.35164 -0.97257  0.44888 -0.21319
