-2.09768
-2.17579
-2.17329
-2.21536
-2.29027
-2.18813
-2.08922
-2.21063
-2.19800
-2.13097
-2.12823
-2.25297
-2.23390
-2.23496
-2.18277
-2.31137
-2.19554
-2.24097
-2.00458
-2.12205
-2.13887
-2.08708
-2.21975
-2.24340
-2.35407
-2.24435
-2.13016
-2.19461
-2.17898
-2.20889
-2.12680
-2.18186
-2.31827
-2.05743
-2.10789
-2.07376
-2.22788
-2.23655
-2.16548
-2.14258
-2.20961
-2.15948
-2.16511
-2.24573
-2.05747
-2.07361
-2.12545
-2.16021
-2.27613
-2.21059
-2.22591
-2.20815
-2.03948
-2.11611
-2.22602
-2.31069
-2.10815
-2.08912
-2.22547
-2.05705
-2.20878
-2.17534
-2.22090
-2.26327
-2.27928
-2.12857
-2.28223
-2.24572
-2.24506
-2.09518
-2.22064
-2.18239
-2.16633
-2.29239
-2.10976
-2.18080
-2.26295
-2.16842
-2.05783
-2.10250
-2.19942
-2.19702
-2.16628
-2.17099
-2.22551
-2.22554
-2.21292
-2.22058
-2.21492
-2.16643
-1.97276
-2.23106
-2.31978
-2.23584
-2.19067
-2.08811
-2.18851
-2.29893
-2.20045
-2.18371
