 1.30497  1.05650 -0.61461 -0.53558 -1.22319 -1.47847 -1.41495
 0.48077 -0.00241  1.45066  1.18796 -1.24988  1.46664 -0.71078
 0.29530  1.23155 -1.22007 -0.40607 -0.41043  0.15050 -0.23549
-0.63030  0.85576  0.99563 -0.30545 -0.67863  1.45222 -0.40692
 0.83771 -1.52154 -0.74602  1.35932 -0.57014 -0.11416 -1.26189
 0.55676  0.21866 -0.67470 -0.59374  0.97100 -0.14089  0.61555
-0.40648  0.81994  1.11706 -0.58778 -0.13779 -0.32561 -0.29547
-1.07160 -0.72365 -0.84590  0.28417 -1.51877 -1.06000 -1.15394
 0.22270 -0.10905 -0.69659 -0.52310 -0.67488  0.82177 -0.13633
-0.90127  1.25855 -0.02497  1.44614 -1.20134 -0.83649  1.28611
-0.56628 -1.13527  1.48901  1.10642 -0.32174 -1.43639  1.55030
 0.09399  0.24755 -1.02244 -1.05325 -0.02999  1.41418  1.20329
 0.77936 -0.23531  0.92456 -0.88449  0.96798  1.53715 -0.66095
 0.59723  1.30973 -0.06646  0.77375 -0.22776 -1.19542  1.18600
-1.06440  1.11851  0.94610 -0.06024 -0.73326  1.23448 -1.40579
-1.12035  0.64418  0.31561 -1.46756  1.52338  0.05090  0.16110
-1.54593  0.83080  0.19296 -1.50317 -1.40984 -1.35749 -0.51844
 0.18606 -1.27436 -0.31715  0.22013 -0.66554 -1.25441 -1.14426
 0.49100  1.36792  0.95858 -1.53926 -0.96212 -1.13520  0.84937
 0.83821 -0.43565 -1.40279  0.37056  1.51262 -0.61485 -0.55676
-0.22743 -1.06615  0.57581 -0.63024 -0.43971 -0.34973  1.20797
 1.11665 -0.59658 -0.19095  1.04272  1.07688  1.36598  0.76326
-1.19641 -1.11794 -1.50774 -1.30295  1.30128 -0.59830  1.29390
 1.24849  1.12934 -0.57093 -1.46236  0.27313  1.21204  0.24942
-0.02736 -0.63888 -0.87347 -0.27039  0.12821  0.75401  0.36303
 0.21134 -0.26961 -0.82158 -0.75827  1.24816  1.00675 -0.78721
-0.69775  1.28977  1.55095  0.08038 -0.38288  0.40718 -0.72460
-0.04593  0.02186  0.29761 -0.10569  0.89481  1.01171 -1.39658
 0.75725  0.50688 -1.04153 -0.69619  0.83237  0.18012 -0.20865
 0.09226 -0.63063 -1.29239  1.52925 -0.67002  0.52788 -0.09458
 0.36692 -0.18630 -1.09097  0.81321 -1.00930  0.30620  0.61167
-0.40779  0.05873  0.31191 -0.21000 -1.09200  1.25230  0.49470
 0.98770  0.56816  0.94466 -0.81800 -1.35228 -0.40822 -0.88274
-0.62765 -1.02298 -1.40656 -0.39308  1.31530 -0.78716  0.26662
-0.71098  0.04507 -0.56475 -0.28426 -0.66714  0.67752  0.09316
-0.46655 -1.25178 -0.72542  0.60895  0.29318 -0.43711 -1.28735
-0.11104 -0.00730  0.81511  0.22418  1.40327  0.78364 -0.97449
-1.22581 -0.55761 -0.00855 -0.11943  0.75032 -1.25085 -1.11482
-0.36069 -0.80950  0.46868  0.63472  1.53466 -0.99294  1.28947
 0.62524 -1.24797  0.46046 -1.44446 -0.96315 -0.55785  0.70845
-1.21769 -1.27622  1.15906 -1.38249  0.47834 -0.32680  0.59507
 0.49892  1.47253  0.33848 -1.44524 -1.38034 -1.48916  0.56158
 0.03879  1.46144 -1.16628 -0.44216  1.32416 -1.12156 -1.06208
-1.06161 -0.77584 -0.40884 -1.05777  0.77276  1.11164  1.37570
-1.40284 -0.36722  0.30278 -0.79043 -0.68956 -1.37798 -1.38956
 1.37579  0.23536 -0.21463 -0.31358 -0.14632  0.02711  0.46341
-0.02669  1.34130  1.09282 -0.17138 -1.27964  1.50915 -0.22737
 0.06708 -0.32630  1.33387 -1.40860 -0.56856 -1.00245 -1.15677
-1.42643 -0.40151 -0.74068 -0.78781  1.21932  1.11427  0.91700
-0.64695 -0.24016  0.72039  0.48260 -0.46411  0.14862  0.46583
-0.07213 -0.91099 -1.56833 -0.21145  1.03832 -0.41516  1.53837
 0.11445 -0.03117 -1.18640 -1.17956  1.10145 -0.74308  1.49180
-0.33199  1.07662 -0.37959  0.09977  0.51975  1.21915 -0.06585
-0.70858  1.33569 -0.01406  1.28626  0.24827  0.53579 -1.27871
 1.54831  1.31337  1.11120 -0.14529  1.49324  0.78178 -0.69231
-1.29781 -1.32682 -0.07684  0.73535 -0.86597 -1.12080  0.89890
 0.72758  0.89477 -1.03827 -1.30131 -0.23460  0.04382 -1.03451
-0.37666  0.18623  0.64375 -1.02546 -1.07279 -0.55716  0.58053
-0.46550  0.49876  0.45267  1.30040 -0.04302  0.91593 -0.36047
 0.45396 -0.86790  1.08077 -1.07285 -0.01059  0.08332 -0.76105
 0.01690  1.50014  1.09233 -1.31348 -1.55562  0.71209  0.85801
-1.51834 -0.90090  0.46164 -0.10632  1.02327 -0.81963 -1.22471
 1.25478  1.22570  0.96164  1.33785  0.10448 -0.25114 -0.97719
-0.15205  0.02751 -0.09670  1.46441  1.52804  0.98255  1.06148
 0.60337  0.71096 -0.31108 -0.11213  1.22616 -1.38912  1.36421
 0.78728 -0.44051  1.40363 -0.16001 -1.09314 -0.88792 -0.30763
 0.34606 -0.35287 -0.11655  0.51450 -0.09742  1.13297  0.89432
 0.14675 -1.28975 -0.74861 -0.11980 -0.71322 -0.93043 -1.02495
-0.47873  0.35622  1.49416  0.44543  0.66753 -0.35202  0.34807
 0.75565  1.38471 -0.86636 -1.11807  0.95823  0.23220  1.20477
 0.12851 -0.19912  1.50269  1.31817  0.40984  0.10206  1.13982
-0.33997 -0.27746  1.19535  0.74706 -0.02344  0.49794 -1.30038
 0.08855  0.42311  1.16185  1.29738 -1.25080  0.11196  1.46667
-0.06490 -0.35029  0.87898 -1.18853  1.44725 -0.53069 -0.80534
-0.76107  0.90685 -0.08514  0.33063 -0.80661 -1.09445 -1.12317
 1.47532 -0.41138 -0.58326 -0.83849 -0.90140 -1.06491 -1.20690
 1.14626  0.66632 -0.43529  1.47273 -0.51463 -1.55008 -1.45613
 0.68437  1.15652  1.51240  1.41627 -0.45833 -0.33129  0.10779
 1.37347  0.65989 -1.53473  1.09900 -0.15989 -1.54572  0.90368
-0.13514 -1.17673  0.71545 -0.68661 -1.50602  1.17121  1.29884
-0.94495  1.26857 -1.09538 -0.44712  1.06306  1.40121 -1.29649
-0.37712 -0.61031  1.31547 -0.62129 -1.17052 -0.73270  0.00086
 0.54365  1.49048  0.47808 -0.47300 -0.01829  0.78429  1.42217
-0.17581  0.49678  0.42284  0.37585  1.19936  0.03804 -1.36692
-0.65221  1.36152  1.36696 -0.15915 -0.63901  0.57325  1.41843
-1.34479 -0.59182  0.47902  0.72313 -1.30126 -1.01307  1.16650
-1.06849  1.09992  1.28917  0.42026  0.23095 -1.51903 -1.31935
 1.34352  0.30170  0.25285 -1.02021  0.22697 -0.19227 -0.76981
 0.18211 -1.29805  1.56366 -0.35414 -0.66715  0.61520  0.25374
 1.22630 -0.68528  1.07138  0.87151 -0.32846  0.93754 -0.32663
 0.96362  0.00461  1.18610 -0.22847  0.77792 -0.26488  0.64752
 0.02642 -0.42852 -0.33871 -0.13961  0.69501  0.57831 -0.08215
-1.41845 -0.09266 -0.30725 -1.46924  1.43431 -1.33297 -1.41416
 1.41247  0.40647 -0.47101 -0.23704 -0.18484 -0.28724  1.22693
 1.50332  0.36812 -1.25349  0.29629 -0.35407 -0.00093  0.54701
-0.46262 -0.96519 -0.60110 -0.84823 -0.89534 -0.47360  1.36012
-0.02646  0.12007 -1.11951  0.19632  0.12598 -0.39676  1.33127
 0.47405 -1.14577 -1.12810  0.23692  0.40507  1.24561  0.67567
-1.38663  0.27239 -1.56360  0.30087  1.20802 -1.17888  0.99164
-0.41542  1.17889  0.09389  1.42266  1.26805  0.16013 -0.15139
