-1.06188  1.20959  0.82590
-1.06188  1.20959  0.82590
-1.06188  1.20959  0.82590
-1.06188  1.20959  0.82590
-1.06188  1.20959  0.82590
 2.07896 -1.93153 -0.82572
-1.06188  1.20959  0.82590
-1.06188  1.20959  0.82590
-1.06188  1.20959  0.82590
-1.06188  1.20959  0.82590
-1.06188  1.20959  0.82590
-4.20423 -1.93153 -0.82572
-1.06188  1.20959  0.82590
-1.06188  1.20959  0.82590
-4.20423 -1.93153 -0.82572
-1.06188  1.20959  0.82590
-1.06188  1.20959  0.82590
-4.20423 -1.93153 -0.82572
-1.06188  1.20959  0.82590
-4.20423 -1.93153 -0.82572
-1.06188  1.20959  0.82590
-1.06188  1.20959  0.82590
-1.06188  1.20959  0.82590
 2.07896 -1.93153 -0.82572
-4.20423 -1.93153 -0.82572
-1.06188  1.20959  0.82590
-1.06188  1.20959  0.82590
 2.07896 -1.93153 -0.82572
-1.06188  1.20959  0.82590
-4.20423 -1.93153 -0.82572
-1.06188  1.20959  0.82590
-4.20423 -1.93153 -0.82572
 2.07901 -1.93190 -0.82551
 2.07901 -1.93190 -0.82551
-1.06180  1.20991  0.82573
-1.06180  1.20991  0.82573
-4.20418 -1.93190 -0.82551
 2.07901 -1.93190 -0.82551
-1.06180  1.20991  0.82573
-1.06180  1.20991  0.82573
-1.06180  1.20991  0.82573
-1.06180  1.20991  0.82573
-1.06180  1.20991  0.82573
 2.07901 -1.93190 -0.82551
-1.06180  1.20991  0.82573
-1.06180  1.20991  0.82573
-1.06180  1.20991  0.82573
-4.20418 -1.93190 -0.82551
-1.06180  1.20991  0.82573
 2.07901 -1.93190 -0.82551
 2.07901 -1.93190 -0.82551
-1.06180  1.20991  0.82573
-1.06180  1.20991  0.82573
-1.06180  1.20991  0.82573
-1.06180  1.20991  0.82573
-1.06180  1.20991  0.82573
 2.07901 -1.93190 -0.82551
-1.06180  1.20991  0.82573
-1.06180  1.20991  0.82573
-1.06180  1.20991  0.82573
-1.06180  1.20991  0.82573
-1.06180  1.20991  0.82573
 2.07901 -1.93190 -0.82551
 2.07901 -1.93190 -0.82551
-1.06236  1.20992  0.82575
-1.06236  1.20992  0.82575
 5.22082 -5.07327  0.82575
 5.22082 -5.07327  0.82575
 5.22082 -5.07327  0.82575
 2.07935 -1.93184 -0.82582
 2.07935 -1.93184 -0.82582
-1.06236  1.20992  0.82575
-1.06236  1.20992  0.82575
-1.06236  1.20992  0.82575
-1.06236  1.20992  0.82575
 2.07935 -1.93184 -0.82582
 5.22082 -5.07327  0.82575
-1.06236  1.20992  0.82575
-1.06236  1.20992  0.82575
-1.06236  1.20992  0.82575
-1.06236  1.20992  0.82575
 2.07935 -1.93184 -0.82582
 2.07935 -1.93184 -0.82582
-1.06236  1.20992  0.82575
 2.07935 -1.93184 -0.82582
-1.06236  1.20992  0.82575
 2.07935 -1.93184 -0.82582
-1.06236  1.20992  0.82575
-1.06236  1.20992  0.82575
-1.06236  1.20992  0.82575
-1.06236  1.20992  0.82575
-1.06236  1.20992  0.82575
-1.06236  1.20992  0.82575
 2.07935 -1.93184 -0.82582
-1.06236  1.20992  0.82575
-1.06236  1.20992  0.82575
 2.07961 -1.93192 -0.82626
-1.06238  1.20996  0.82618
-1.06238  1.20996  0.82618
-1.06238  1.20996  0.82618
