-4.08991 -1.49748 -9.78093  0.69202 -7.75174 -1.46452 -4.77113
 2.19186 -9.35301  10.63911 -10.30368  3.20029  6.38892  6.18233
-13.51668  3.21387 -14.49358 -5.40440  12.50861 -0.10600  3.04006
-7.23386  7.92638 -3.49725  2.45012  1.46959  4.60623  1.51247
 5.33251 -4.63999 -0.35565 -13.25784  10.89437  4.60623  4.65406
-13.51668 -6.21091 -5.06880 -2.26281  6.22543 -22.09714 -9.52632
-0.94998 -14.06472  2.78503  5.59007 -4.61050 -14.24246 -1.51295
 2.19186 -12.49460  10.63911 -16.58686 -6.22448 -9.31904  3.04074
-0.94994  6.35578  7.49794  7.16112  0.05842 -12.67178 -6.18200
 5.33287 -21.91888 -5.06880 -2.26281  3.08384 -0.10600 -0.10154
-13.51635 -7.78153  12.20981  15.01485 -7.75210 -1.67609  1.62864
-0.94998  14.20962 -6.63975  8.73167 -4.61050 -23.66724 -1.51295
-7.23313 -9.35218 -11.35161 -5.40525 -3.08317  3.03618 -3.04041
-0.94998 -1.49835  15.35140  5.59007 -4.61050  17.17346 -14.07932
-10.37348 -9.35198 -11.35221 -10.30207 -0.05823 -3.03582 -6.18138
 5.33251 -4.63999 -0.35565 -6.97466  17.17755  17.17261 -7.91231
-0.94998 -23.48950 -3.49816  5.59007 -7.75210  7.74869  1.62864
 5.33324  0.07259 -8.21002  16.58590 -9.36635  12.46096  9.52596
-13.51635 -4.63994 -16.06453 -0.69311 -1.46891  7.74869 -4.65454
-7.23350  0.07227 -1.92721  0.87879  15.65021 -15.81396 -0.10154
 11.61570 -1.49840 -6.63884 -6.97466 -23.66315 -17.38491 -4.77071
-0.94994  3.21419 -8.21002 -14.83003  6.34161 -9.53019  6.38437
-16.65667  0.07279 -5.06902 -16.58526 -3.19983  0.10577  9.52658
 11.61606 -6.21091  10.63916  7.16197 -9.48253 -3.24759 -6.38472
-4.09030 -3.06880  1.21416  14.83067  6.22495 -9.31901 -12.46456
 8.47607 -6.21039  13.78054  2.26430 -3.19983 -6.17741  9.52658
-10.37451 -18.77778 -5.06885 -7.16208 -3.08289  15.81370 -6.38404
-4.09132 -3.06982  7.49752 -13.44527  6.34189  18.95529  3.04074
-0.95067 -4.63999  5.92753  5.59172  4.61118  4.60623  4.65406
-0.94994 -12.49378  1.21476  7.16112  0.05842 -6.38859  0.10118
-0.95067  1.64319 -12.92202  24.44127  10.89437 -1.67695 -14.19549
-0.95031  3.21387 -11.35199  4.02038 -15.76572 -0.10600 -12.66791
-16.65918 -4.64025 -6.63909 -8.73157 -1.46961  7.95926  7.79583
 11.61758  9.49790 -1.92770 -8.54597  6.34262  15.60150 -6.18230
-0.94879 -3.06847  10.63867 -2.26278  6.34262 -9.53124  0.10088
-4.09281  1.64293  12.21047 -21.29794 -1.46961  1.67607 -4.77054
-10.37665 -21.91928 -17.63445 -7.16022  6.34126  0.10516 -3.24225
 14.75661  0.07146 -11.35160  2.26334 -3.19918  0.10543 -9.32393
-7.23198  0.07312  10.63867 -8.54597 -3.08216 -0.10646  9.52566
 2.19024 -9.35331  4.35637 -0.87826 -9.48236 -3.03616  3.24244
 8.47342  3.21306  10.63955 -0.87826 -3.19918 -3.03616 -9.32393
-0.94784  7.92787 -3.49945  8.73370  7.75302 -26.80947 -4.77253
-13.51417 -9.35038 -5.06992  22.87138 -9.48382 -0.10600 -0.10220
 5.33535  4.78628 -9.78263  8.73370 -7.95494  7.74805  4.65225
 14.75661  12.63783 -1.92682 -7.16144  12.50879  0.10543  0.10085
 2.19024  6.35465 -14.49319  5.40493  6.22560  0.10543  0.10085
-4.09295  0.07146 -8.21000 -7.16144  6.22560 -6.17776  12.66722
-7.23198 -28.20122  1.21389  0.87881  3.20102 -9.53124 -3.04071
-0.94780 -12.49198 -5.06992 -8.54455 -0.05904  3.03559  21.88895
-0.94784 -4.63850 -9.78263 -3.83267  14.03621  10.88964 -4.77253
-16.65969 -14.06578  2.78555 -2.44880 -4.81275 -10.89010 -4.65472
-13.51417  12.64077 -5.06992  10.30501 -0.05904 -9.53078  9.32258
 8.47305  17.35014 -0.35605  0.69279  4.61203 -4.60692  11.05324
-0.94780  15.78236  4.35486  0.88023  18.79051  12.46037 -3.24379
 2.18972  9.49664  7.49830  5.40615  18.90763 -6.17803 -9.52544
-0.94883 -17.20494 -12.92301  2.45003 -4.61064  1.46420  4.77131
-4.09346 -28.20247 -14.49285  8.54775 -3.08352 -12.46121 -0.10066
-10.37599 -1.49866 -3.49750 -5.58998 -7.75279  17.38404  14.07902
 5.33439 -6.21007 -1.92770 -2.26278  3.20102 -0.10646  9.52566
 11.61758  12.63949 -8.21088  10.30359 -3.08216 -0.10646  9.52566
 2.19038  11.06771  9.06888 -11.87316 -14.03598  4.81767 -11.05372
 2.19024  15.77943  7.49796 -10.30303  6.22560 -9.31935 -6.18234
-0.94784  4.78628 -9.78263  2.45052 -1.67176  14.03123  4.65225
-7.23198 -3.06847  4.35549 -2.26278  6.34262  9.31832 -6.18230
-0.94900  12.63933 -11.35205  10.30359 -0.05890 -3.24787  9.32335
 2.19067 -7.78235 -3.49819 -11.87360 -7.75359  4.81735  1.51297
-10.37428  7.92625  2.78369  3.83332 -1.67153 -1.46669 -7.79589
-26.08194 -4.63946  9.06811 -6.97486  4.81362  14.03186 -4.65361
-19.79875 -1.49787 -3.49826 -6.97486 -10.89434  10.89027  4.77117
-0.94920  17.35169  2.78492 -0.69168  7.95522  10.89027 -1.51202
-10.37415 -18.77673  4.35515 -7.16136 -12.62490  6.38777  18.95001
-19.79875  7.92691  9.06811 -0.69168 -1.46956  7.74868  7.91276
 8.47528 -4.64012 -0.35790  6.97491  20.31962 -1.46669 -10.93748
-0.94725 -3.06827  4.35516  22.87185  0.05917 -3.24815  12.66816
-0.94920 -1.49787  5.92652  2.44992 -14.03593  4.60709 -10.93680
 14.75846  1.64307 -3.49949  10.11651 -14.23790  17.38286  11.05367
 2.19037 -12.49535 -5.06985 -7.16162 -3.08412  3.24602  6.18303
-4.09251 -7.78235  12.20977  28.96710 -4.61200  4.81735  17.22093
 8.47541  6.35601 -8.21122  11.68820 -6.34171 -6.17860  0.10045
-4.09109 -1.49853 -0.35790  0.69173  17.17803 -4.60828  11.05367
 8.47386  1.64243 -6.63978 -8.73201 -1.47041 -4.60743 -11.05340
 5.33533  1.64369 -12.92341 -13.25732  4.61061 -1.67797  10.93633
 11.61738  9.49774 -8.21046  7.16200 -18.90846  18.74327 -3.24302
 14.75859  0.07282  10.63833 -0.87817 -0.05853  0.10458  0.10045
 5.33594 -3.06827  1.21357  0.88070 -3.08243  9.31822  9.52657
-4.09281  15.77898  1.21334 -7.16162 -6.22571  0.10443 -3.24175
 14.75674  6.35420  13.77971 -0.87843  15.76544 -15.60354  12.46621
-7.23218  6.35615  4.35591  13.44518 -15.76686 -22.09743 -6.38461
-13.51557 -17.20583  15.35129  5.59151 -20.31912 -4.81769  1.62957
 5.33533 -10.92268 -22.34819  21.30020  14.03539  17.17158 -4.77164
-0.94900  12.63933  7.49750 -2.26278  6.22428  3.03531  3.04017
-13.51537  3.21456 -8.21046 -17.97074 -0.05890 -0.10628  3.04017
-0.94725  6.35650  4.35516 -2.26089  3.20076 -12.67293 -3.03980
-4.09251  23.63358 -6.63978  3.83436  1.67118 -1.46584 -1.62863
 17.90170  7.92688  18.49252  5.59224 -1.67258  4.60521 -1.63004
 2.19037  3.21261  7.49652  5.40475 -6.22571  6.38761  3.04144
 27.32360 -3.06836  16.92265 -0.87712 -3.20042  15.81300  15.80869
-13.51716 -3.07109 -5.06813  7.16100 -9.36670  3.03593  15.80855
-13.51600 -7.78295 -6.63937 -0.69284  7.75359 -4.81826  1.51253
 5.33239 -6.21269  7.49824  7.16100  6.34126 -6.38885  0.10059
