-3.39849  2.42341
 2.88469  2.42341
-3.39849  2.42341
 3.39849 -3.85977
 2.88469  2.42341
 2.88469  2.42341
-2.88469 -3.85977
 2.88469  2.42341
-2.88469 -3.85977
 2.88469  2.42341
 2.88469  2.42341
 2.88469  2.42341
 3.39849 -3.85977
 2.88469  2.42341
-3.39849  2.42341
 3.39849 -3.85977
 2.88469  2.42341
 3.39849 -3.85977
 2.88469  2.42341
 2.88469  2.42341
-3.39849  2.42341
 2.88469  2.42341
 2.88469  2.42341
 3.39849 -3.85977
 2.88469  2.42341
 2.88469  2.42341
-3.39849  2.42341
 2.88469  2.42341
 3.39849 -3.85977
 3.39849 -3.85977
 2.88469  2.42341
 3.39849 -3.85977
 2.88469  2.42341
 2.88469  2.42341
 3.39849 -3.85977
-3.39849  2.42341
 2.88469  2.42341
 2.88469  2.42341
 2.88469  2.42341
-3.39849  2.42341
 2.88469  2.42341
 2.88469  2.42341
-3.39849  2.42341
 2.88469  2.42341
 2.88469  2.42341
 2.88469  2.42341
 3.39849 -3.85977
 3.39849 -3.85977
-3.39849  2.42341
 2.88469  2.42341
 2.88469  2.42341
 2.88469  2.42341
 3.39849 -3.85977
-3.39849  2.42341
 2.88469  2.42341
 3.39849 -3.85977
-3.39849  2.42341
 2.88469  2.42341
 2.88469  2.42341
-2.88469 -3.85977
 3.39849 -3.85977
 3.39849 -3.85977
 2.88469  2.42341
 2.88469  2.42341
 2.88469  2.42341
 2.88469  2.42341
-2.88469 -3.85977
 2.88469  2.42341
 2.88469  2.42341
 3.39849 -3.85977
 2.88469  2.42341
 2.88469  2.42341
 2.88469  2.42341
 2.88469  2.42341
-2.88469 -3.85977
-3.39849  2.42341
 2.88469  2.42341
 2.88469  2.42341
 2.88469  2.42341
 2.88469  2.42341
 2.88469  2.42341
 2.88469  2.42341
 2.88469  2.42341
-3.39849  2.42341
 2.88469  2.42341
 2.88469  2.42341
 2.88469  2.42341
 2.88469  2.42341
 2.88469  2.42341
 2.88469  2.42341
-2.88469 -3.85977
-3.39849  2.42341
-3.39849  2.42341
 2.88469  2.42341
 2.88469  2.42341
 2.88469  2.42341
 2.88469  2.42341
 2.88469  2.42341
 2.88469  2.42341
 2.88469  2.42341
