-1.82515
-1.77028
-1.76095
-1.81289
-1.69601
-1.86317
-1.78930
-1.78740
-1.74039
-1.71533
-1.75761
-1.78735
-1.73055
-1.87361
-1.68232
-1.70764
-1.74980
-1.76606
-1.79156
-1.71597
-1.71393
-1.67594
-1.79269
-1.73480
-1.74636
-1.76721
-1.79481
-1.69221
-1.71328
-1.73336
-1.76428
-1.80278
-1.78689
-1.71583
-1.84692
-1.78741
-1.72309
-1.82225
-1.77255
-1.68728
-1.73058
-1.75749
-1.80108
-1.69017
-1.72606
-1.71193
-1.75075
-1.70213
-1.74230
-1.75353
-1.67990
-1.75942
-1.74814
-1.76041
-1.66113
-1.80786
-1.78225
-1.77618
-1.79652
-1.73691
-1.63192
-1.82338
-1.70827
-1.77900
-1.68915
-1.78540
-1.69895
-1.71379
-1.76611
-1.76557
-1.76910
-1.70557
-1.69910
-1.78592
-1.81316
-1.71696
-1.73098
-1.71890
-1.77322
-1.70990
-1.77078
-1.81687
-1.76350
-1.70931
-1.67331
-1.74851
-1.63894
-1.77143
-1.76666
-1.76685
-1.72333
-1.65843
-1.66864
-1.78179
-1.66951
-1.79073
-1.76324
-1.77254
-1.71657
-1.65771
