 0.74360  0.19167  0.32166
 0.68680  0.99362 -0.09864
 0.07436 -0.34055  1.20373
-0.92901  0.37605  0.88034
 0.17276  1.40928 -0.67844
 1.31927 -1.27479 -1.44212
 0.03193 -1.19834 -0.23103
-0.59307 -1.25679 -0.12700
-1.52497  0.54830 -1.49726
 1.02742 -1.32772  0.03066
-1.51242 -0.00629  0.22978
-0.97606  0.16230 -0.39310
 1.19365  1.36717  0.70344
 1.43822  1.01202 -0.06936
-0.51537 -0.48314  0.39828
 1.30882 -0.84998  0.75792
-0.31523 -0.18060  0.41887
-1.43204 -1.13573 -1.10006
 0.40229 -1.54719  0.38295
-1.11282 -0.34809 -0.08210
 0.44342  1.00572 -1.51534
 1.25688  0.59566  1.32102
 0.79471 -1.43780  0.54506
 1.45644  0.07417 -0.17207
-1.29608 -0.44552 -0.52056
 0.52210 -0.17435  1.52069
 0.71032 -1.07885 -0.35972
 1.16404  0.98156 -1.33103
 1.21564  1.29960  1.38140
-1.27861 -0.20337  0.07205
-1.29475  1.50144  0.99839
-0.79187 -0.41788  0.33272
 0.85274  0.19580 -0.08311
 0.88623 -1.25639 -1.01711
 1.46959  1.46599  0.08579
-1.13021 -0.75910  0.45337
-1.35229 -1.13186 -1.36572
 0.92076  0.11271 -0.34496
 0.21879  1.09213  0.58299
-0.24845  1.48880 -0.72461
-1.00428  0.12297  0.41720
-1.41941 -0.89632  1.45123
-1.33704 -1.37067  0.97050
 1.24632 -0.95762  1.54918
-0.20385  0.57102 -0.61202
-0.90705 -1.22697  0.61742
 1.23591 -0.06046  1.52994
-1.35965 -0.00692  0.41204
-0.10269  1.14071  1.56003
 1.09844  1.14162 -0.40017
 0.08802 -0.24938 -0.27123
-0.17580 -0.50253  0.40612
 0.74852 -0.36164  1.24914
-0.91943 -0.30348 -0.83692
 0.33821  0.97453  0.81411
 0.02295 -0.32315  0.46766
 0.63647 -1.02752 -1.07276
 0.65095  0.97071  1.02105
 0.68930  0.35446  1.07760
-0.28188 -1.42804 -1.37537
-1.39840 -0.35318 -0.85789
-1.42082  1.53217 -1.45729
 1.52454  0.12205 -0.75325
-0.07699 -1.54752  1.32422
-1.48558  1.37145  0.84850
 0.42533  0.31315 -0.13282
 1.08104 -1.03828  0.96985
 1.48902 -1.46036  0.38497
 1.55279 -1.02979  1.02187
-0.23604 -0.63410  0.43604
 1.54577 -1.31847  0.84051
 0.67748  1.02667 -0.05432
 0.48924  1.37333 -1.28805
-0.40671 -0.50775 -0.23462
 0.75390  0.16675 -1.04889
 0.19077 -1.45109  1.10444
 1.17770 -0.82028  1.19666
-1.48729 -0.12936 -0.25281
-0.80019  0.63858 -0.92274
-0.39644 -0.55346  0.86936
 1.56571  1.16533  0.38012
 0.00987 -0.83073 -0.89092
 1.35628 -0.99371  0.15070
-1.53888  1.29449 -1.23830
 0.40844 -1.53723  0.65745
-0.29199 -0.86818  1.55974
 1.23720 -0.44199  1.52328
-1.41042 -0.71287  1.56117
 0.94851  0.20443  0.35646
-0.76555 -1.29260  1.02177
-1.39392  1.17527 -0.74634
 1.45017  0.95272  0.66489
-0.95445 -0.62605 -1.35579
 1.03902 -1.37827 -0.08122
 0.25222  1.06949  1.09292
-1.39819  0.87476 -1.19599
 0.66841 -1.31200 -0.65579
-1.33064 -0.50744  1.37999
 0.14781 -0.70983  0.72556
-0.87426  1.36803  0.92513
