-2.21502
-2.21502
-2.21501
-2.21501
-2.21501
-2.21501
-2.21501
-2.21502
-2.21502
-2.21501
-2.21501
-2.21501
-2.21502
-2.21501
-2.21501
-2.21501
-2.21501
-2.21502
-2.21501
-2.21501
-2.21501
-2.21502
-2.21501
-2.21501
-2.21501
-2.21501
-2.21502
-2.21502
-2.21501
-2.21502
-2.21501
-2.21501
-2.21501
-2.21503
-2.21503
-2.21501
-2.21501
-2.21501
-2.21503
-2.21501
-2.21501
-2.21502
-2.21500
-2.21502
-2.21501
-2.21501
-2.21501
-2.21503
-2.21500
-2.21502
-2.21500
-2.21500
-2.21500
-2.21500
-2.21501
-2.21502
-2.21501
-2.21501
-2.21503
-2.21503
-2.21501
-2.21501
-2.21502
-2.21503
-2.21503
-2.21501
-2.21500
-2.21502
-2.21502
-2.21502
-2.21501
-2.21502
-2.21500
-2.21503
-2.21502
-2.21500
-2.21500
-2.21501
-2.21501
-2.21500
-2.21501
-2.21503
-2.21503
-2.21501
-2.21503
-2.21500
-2.21500
-2.21503
-2.21502
-2.21503
-2.21503
-2.21503
-2.21503
-2.21501
-2.21503
-2.21500
-2.21501
-2.21500
-2.21500
-2.21500
