-10.64274 -1.92331  5.51683
 5.06675  7.49928 -11.79982
 1.92363  16.92625 -13.33273
 8.20681  16.92625 -0.76636
 5.06675  1.21610  7.04974
-10.64274 -14.48968 -0.76636
-10.64274 -8.20649  18.08320
 11.34993  7.49928  7.04974
 1.92363  4.35988 -0.76636
 1.92363  4.35988  18.08320
 5.06675 -5.06709  0.76655
-23.20911 -8.20649 -7.04955
 11.34993  7.49928  7.04974
-13.78281 -5.06709  13.33292
 5.06675  7.49928 -11.79982
-1.21644 -5.06709 -11.79982
-7.49962 -17.63346  0.76655
-1.21644 -5.06709  0.76655
-7.49962 -5.06709  13.33292
 5.06675  1.21610  7.04974
-1.21644 -5.06709 -11.79982
-1.21644  1.21610  0.76655
 5.06675  7.49928 -5.51663
-1.21644  1.21610  0.76655
-4.35956 -8.20649  24.36638
-4.35956  4.35988 -0.76636
-7.49962  1.21610 -5.51663
-4.35956 -1.92331 -7.04955
-4.35956 -8.20649  11.80001
-7.49962 -5.06709  7.04974
-4.35956  23.20943  24.36638
-10.64274 -1.92331 -7.04955
 5.06638  1.21703 -11.80085
-13.78318 -11.34934 -11.80085
 11.34956  7.50022 -11.80085
-4.35943  4.35920  11.80108
 11.34956  13.78340  0.76552
-1.21681  1.21703 -11.80085
-13.78318  1.21703 -18.08403
 1.92376 -8.20717 -0.76529
-13.78318  1.21703  13.33190
-7.49999  1.21703 -5.51766
 8.20694  10.64239  18.08426
 1.92376  4.35920  24.36745
 8.20694 -1.92398  5.51789
-1.21681 -11.34934  0.76552
-7.49999 -5.06615 -24.36722
 1.92376  4.35920  18.08426
-10.64261  10.64239  5.51789
 1.92376 -8.20717  5.51789
 5.06638 -5.06615 -5.51766
-13.78318  1.21703  13.33190
 5.06638  7.50022 -11.80085
 8.20694  4.35920 -7.04848
 11.34956  7.50022 -43.21677
 8.20694 -1.92398  11.80108
-13.78318 -5.06615 -5.51766
-1.21681  1.21703  0.76552
 11.34956  7.50022  13.33190
 5.06638  13.78340  0.76552
 1.92376  10.64239  24.36745
 14.49013  4.35920 -0.76529
 5.06638  7.50022 -5.51766
 11.34956  7.50022  7.04871
 8.20852  16.92463  11.80078
 8.20852  10.64144 -0.76560
-1.21824  7.50101 -5.51789
-4.35785 -1.92493  11.80078
-10.64103 -14.49130 -0.76560
-7.50142 -5.06536 -5.51789
-10.64103 -8.20811 -0.76560
 1.92534  4.35826 -7.04878
 5.06495  1.21783 -5.51789
-1.21824 -11.34854 -5.51789
-1.21824 -5.06536 -5.51789
 11.34813  13.78420 -5.51789
-4.35785 -8.20811 -0.76560
-1.21824 -11.34854 -5.51789
 1.92534 -1.92493 -0.76560
 5.06495  7.50101  7.04848
-13.78461 -5.06536 -11.80108
 8.20852  4.35826  11.80078
-4.35785 -8.20811 -7.04878
-1.21824  1.21783  7.04848
-7.50142  1.21783  0.76529
-1.21824 -5.06536 -11.80108
-13.78461 -17.63173 -24.36745
 5.06495  1.21783  13.33166
 1.92534  4.35826 -0.76560
-1.21824  1.21783 -24.36745
-10.64103 -8.20811  5.51759
 5.06495  1.21783 -11.80108
-1.21824  1.21783  13.33166
 11.34813  7.50101  7.04848
-4.35785 -1.92493  11.80078
-1.21824  7.50101 -5.51789
 5.06582  7.50035  0.76612
-7.50055 -5.06602 -18.08343
 1.92431 -1.92411  18.08363
 8.20750  16.92545 -0.76592
