 2.14634  29.85841 -9.82042  57.28710 -14.06497 -26.67424  1.58065
 17.79923 -10.99238  12.24234 -7.02923  23.49035  4.66755  11.01016
 43.02986 -6.26697 -20.82391 -5.40069 -9.41646 -22.02861 -6.31415
-7.27330 -10.98367 -12.93778 -0.68191  4.64772 -32.99779  29.84608
 5.25073  4.70692  34.21106 -3.83976  17.22939  7.84556  29.83105
-60.70661 -14.13257 -3.46930  0.75437  4.80752 -14.11317 -17.29076
-13.57643 -1.54758  27.89404  5.58568  1.63873 -7.90008  11.00282
 8.40724  14.12366 -0.36760  0.72652 -23.60429 -1.55202 -4.72918
 5.27847 -29.81922 -3.49496 -10.14119 -11.03063 -1.59105 -4.69812
 8.44206  3.15247  7.49682 -19.79465  6.27749  6.33665  3.03349
-4.16837  15.72321  16.91883 -0.83725  9.42538  15.74573  28.34438
 14.65049 -9.42101  4.37048 -26.00674 -9.40859 -9.38293  22.05455
 8.40331 -9.41183  10.67844  8.62368  15.70175  0.04226 -0.08882
 8.45710  51.82502 -19.22306  0.72168  20.32566  4.75193 -4.72184
-19.79438  12.57432  10.60124  16.54559 -22.00643 -6.31535 -15.63098
 30.43849  21.98207 -11.34251  0.86154  3.13677 -3.17680  22.05932
 2.14092 -3.14997  10.61535  5.40102 -21.99257  22.02203 -21.91409
-0.97592 -3.12690 -39.61215  4.05262  25.12329 -15.72868  12.61063
-13.53456 -15.70124 -11.37258 -18.00960 -15.72134 -3.17652 -3.05119
-1.02880 -6.28196  13.81936  10.29793  37.70100 -15.73346 -22.07960
-22.99881  7.86083 -16.04329 -2.37740 -1.64354  17.29275 -7.85901
 2.19860  11.02302  15.35868  13.23959  4.81495 -45.50689 -29.82928
 8.42233  4.73593  46.81288  16.42587  26.60711 -4.67658  1.56185
-0.98670 -14.12713 -12.94074  11.84896 -11.02653  7.83403  1.56461
 5.16432  4.73220  21.72091 -22.67612  10.91854  7.81230 -1.57679
 8.38295  15.71126 -1.94270 -3.92378 -9.44278 -6.26549 -31.45741
 17.79607  21.99862 -8.21422  3.99649  25.10880  3.12002 -6.24998
-4.18366  28.31969 -11.35845  14.83462 -0.00648 -3.11539  12.64434
 27.23085 -7.84562  24.80511  38.41356  4.65241  20.45917  29.83446
 5.31388 -15.69634 -11.36784  10.30110  34.55317 -12.62456 -12.65351
 5.21408 -1.55421 -6.60822 -7.06749  14.07581 -4.75215  7.84624
-10.38635 -6.26860  7.49176  5.42872  21.98809 -9.39712 -12.64944
-7.45060 -14.12285  2.84179 -10.17890 -1.57795 -17.30598  4.72142
 2.08082 -18.85133  1.22895  33.72712  9.42137  6.29951  3.19836
-29.31469 -17.25311  18.53746 -24.39975 -23.65502 -7.82541  1.56545
-26.16042  4.71725 -3.51579  21.31357 -1.62571  14.09826  10.99696
 14.70403 -1.56765 -16.06683  47.83634  1.47519  7.87250  1.55013
 5.20797 -20.41763  18.52016  2.41547  11.05645 -20.43241 -4.72868
 5.19594 -14.11955  2.80523 -10.15012  10.96053 -4.73873  11.01475
 20.99310 -17.25852 -16.07281 -8.68769 -7.89918 -32.95382 -26.73245
-7.29413 -17.25572 -0.35216  24.41146  4.62620  4.68221  23.55686
 20.98709  14.14348  43.61162 -33.80270  23.62770 -4.69208  7.86121
 24.09440  11.00495 -3.47301 -10.17684 -7.92688 -17.30812 -7.85460
 17.87251 -12.54564 -1.90506  22.90825 -15.70029  18.81560  47.21439
 11.55598  6.27888 -11.33822  10.23628 -12.54691  59.66481 -15.78227
-4.14652  23.57588 -3.52722  16.44135 -11.05942  1.58850  7.83225
-13.57900  1.57484  5.94780 -28.99728 -10.90826 -17.32405 -14.15289
-16.68784 -20.41533 -0.39589 -5.53642  10.93457 -4.68808 -7.85418
 33.52990 -12.56302  4.33550  11.76752  12.58422 -12.55807  25.19165
 27.26934  7.86788 -12.91125  25.82673 -4.81369 -14.08872  7.84185
 5.25125 -21.99612 -1.90086  19.68647  44.00565 -6.31092 -3.23307
 2.14481 -15.71380  20.04933  2.27005 -18.85604  22.02915  0.07948
-4.18033  1.57072  12.27760  0.69357  14.07584 -7.82362  14.14376
-7.30738  26.71822 -38.03559 -32.17181 -14.20585  10.95161 -20.42182
-13.60183 -10.98431 -9.78534  11.82186 -7.78132  1.54272  1.56744
-16.70949  20.42913 -3.47925  13.33251 -4.63715 -42.38431 -7.83838
 2.13366 -6.29326  1.16183 -13.33281  34.55034 -15.68347 -12.62794
-35.54096 -9.40158  1.21558 -4.01105 -25.10612  22.01903 -6.21861
-1.03297 -7.84037 -31.74397  2.43689  4.80047 -14.15795  1.56224
 17.84471 -15.69402  38.91063  13.41369  9.40530 -9.47230  3.20523
 2.13069  1.56603 -0.35676  3.86999  11.04614 -4.70334  26.71212
-16.73442  7.87001 -25.51238 -37.02490  7.83209 -7.82895  7.85140
 14.70794  6.27998 -1.93873  14.92594 -6.28291 -15.67891 -9.49491
 11.57686  9.43494  23.18104  7.16083  12.56234 -37.71433  3.09729
 14.70561 -17.29136  5.90289  38.41971 -4.81123 -7.83012 -17.28936
-26.19556  3.15158 -14.49192  0.80686  0.01184 -25.14896  9.35507
-23.00691  12.55197  20.06119 -10.26670 -9.41482 -18.81579  3.22477
 5.24772 -4.68153 -6.64561  5.53024  4.64530 -20.46027  17.28255
-32.45469  21.99989  13.78651  3.94553  3.13345 -6.28375 -18.86354
 36.70087  18.85393 -8.23694  32.25513  9.42869 -3.18265  37.63887
 11.53238 -18.84431  1.23419  0.92670 -6.29262  31.41106  6.34157
 17.86923  3.15728  35.73594  13.41537 -12.58545 -6.31651  9.37064
-32.36897 -1.57744  27.84613  8.71449 -14.18348  14.12866 -14.14999
 27.24349  32.97148  37.36092  16.42017 -14.06101 -17.24085  20.41574
 11.52791 -9.42133 -14.49019 -27.42243  12.55835  15.65001 -12.50033
-1.00009 -20.40993 -28.67568 -6.96775  7.91603 -1.59902 -14.14764
 11.60255 -9.41937  1.20068  10.29868 -21.99441 -0.05140  12.45381
-19.86891 -20.41338 -9.77314  21.29115  10.92403  7.83661  11.00413
 8.38560 -14.11018  24.80077  0.75731 -1.62641 -4.69312 -7.85656
 27.24591 -12.56237  26.32639  21.17249 -9.43401 -6.26097 -9.33779
-7.35079  9.40977  13.81554 -2.29447  9.42033 -0.03765  6.24825
-10.45410  20.43008  24.77252  13.29728 -4.77133  23.57073 -4.72800
-0.94116  10.98272  9.01193 -13.26347  26.78858  10.96477 -7.86972
-35.58937 -17.27312 -3.45901  16.45525 -7.93832  17.32256 -1.57135
-16.65746 -29.82663 -9.80358  0.77803  14.21920 -29.80446  4.72590
-7.30151 -10.98697 -0.34697 -32.14224  17.22469 -7.88107 -20.42001
-4.14183  4.71183  9.00890  25.88568  4.75895 -20.39040  20.41208
-4.15318 -1.56853  24.77525  3.85133 -23.50083  4.73121 -7.85159
-19.91035 -1.56080  27.94903 -10.09936 -39.33257 -11.02610 -7.85254
-1.01178 -7.85875  15.39802 -16.41103 -14.19636 -4.74575 -14.12319
 30.49820 -21.98387 -33.37959  16.58833 -6.30252 -15.78425  18.93633
 14.71332  18.85145  1.17982 -32.22718  9.43523  9.46753 -12.65530
 30.44868  17.29288  5.91478 -25.83292  1.48205 -17.32698 -4.70481
 8.49577 -12.58367  38.86066 -7.20357  3.12684 -3.09110 -37.78497
-10.42431  3.15492  20.04598  18.04245 -0.01071  6.31521  3.05780
 5.28656 -17.27101 -0.35029 -3.83288  14.21099  7.81184  23.55601
-1.00543 -9.40215 -8.21456 -8.60446  6.27327  34.52598 -12.46215
 14.69465  1.56937  2.79599 -8.67246  10.93960 -32.94771 -1.56495
 36.74900 -4.69282  9.01566 -0.74145 -1.49086 -23.60716  20.41309
 36.68230  11.01947  24.77818  5.59276 -23.64045  14.11054 -17.28416
