-1.28491  0.31258  1.29967  1.30691 -1.51070  1.08725  1.56796 -0.54704  1.47909  1.52893  0.45377 -1.39777  0.86835  1.03606  0.90998
-0.93032  0.21195 -0.64841 -0.02723  0.57508  0.88690 -0.47346  1.21529  1.34248 -0.87482 -0.71276  0.65364  0.52904 -1.40930  0.74563
-1.29896  0.35052  1.09398 -0.65610 -0.33007  0.35655 -1.37395 -0.27942 -0.08405  0.65755  1.21933 -0.51704 -0.32586 -1.04786 -0.89738
 1.07333 -0.84907 -1.31424  1.03769  0.53930  1.29741 -1.52534  0.48131  0.93719  0.35451  0.45432  0.74384 -0.59659  0.64087  0.91804
 1.51373 -0.97658 -0.06733  0.16783 -0.88198 -1.19145 -0.84979  1.33167 -1.14177 -0.25311 -1.15101 -0.99471 -0.51597 -1.36159 -0.94323
 1.06890 -0.86811  1.29790  0.83346 -0.60685  1.38907 -1.34957 -0.81009 -0.83847 -0.65002  0.81334 -0.36798 -0.57225  1.12307 -0.71657
-1.30126 -1.39910 -1.01126  1.19450 -0.97805  1.02842  0.84096 -0.28267  1.13272 -1.35281  1.36991  1.08588 -0.54820  0.93114  1.18718
-0.08484 -0.35623 -0.39877  0.80007  1.36696  0.23926  0.13863  0.53398  0.63499 -0.05553  1.44444  1.48252 -0.80854  0.88147  0.16302
-0.54151 -0.31217 -0.09442  1.31746 -0.17977 -0.98446  0.14049 -0.43886 -0.30693  0.17538 -1.35951  1.43100  1.41523  0.95551 -1.00060
 0.89683 -0.76893  0.95529 -0.61842 -1.20226 -0.43022 -1.16252  1.40728 -0.73213  1.34323 -0.46816 -1.29646  0.24166 -1.27772  0.53200
-0.38595  0.12329  0.15196  1.36712  0.96393 -0.97563  1.03215  1.55939 -0.46058 -1.44200 -0.86139 -0.44597 -0.59682 -0.51971  0.97227
-0.54657 -1.19685  0.41702 -1.36479 -1.27388 -1.25035 -0.26548  0.15794  0.32440  0.90744 -0.38648  1.22172 -0.22288  0.27210 -1.29955
 1.24175  0.51814  0.80798 -1.47851  1.21525 -0.30907 -1.39123  0.57355 -0.69846  0.63241  0.10316  0.46769 -0.23744  1.33719 -1.07043
-1.37222  0.96120  0.56347 -1.21164  0.51017 -1.13856 -1.37752 -0.82647  0.05613 -1.12155  1.40996 -0.71265 -0.50537  0.49365  0.80102
 0.14009 -1.18107 -0.56992 -0.45983  1.33206  0.30822  0.15560  1.53375  0.47547  0.21659 -0.18497  0.36303  0.04446  1.17123  0.65718
 1.08028 -1.29266  0.57919  0.69642  0.42050 -1.56757  0.43170 -0.49630  1.11044 -1.21782 -0.44922  0.29148 -0.69745 -1.56871  0.27659
-0.11465  1.32140  1.32598  1.48664 -0.58345  0.24932 -0.16307 -0.44776 -0.75499 -0.03289  1.55334  1.05546  0.26969  0.92159  0.25366
 1.08822 -0.57582  0.36365  0.26175  0.69557 -0.44983  1.49210 -0.50436 -0.64951 -0.44609 -1.28497  0.88126 -0.54269  0.82887 -0.40725
-0.02149 -0.33360 -0.17937  1.40064  0.98425 -1.18321 -0.44743  1.48896  0.35989 -1.52570 -0.44192 -1.47864  0.05815 -1.39734  0.02351
 0.67701  0.23247  1.32631 -1.07666  1.23247 -1.45985  0.29626  0.38486  0.05719  1.40570  0.88405  1.16314  0.46058  0.80285  1.37859
-0.99377  0.83606  1.42199 -0.74380 -0.15327 -1.48212 -1.27924 -0.23555  0.16074  0.74534 -0.68495 -0.93311 -1.00862  1.16344 -0.42683
 0.51724  1.07704  0.21416  0.01879  0.43658  0.31883 -0.24978 -1.26620 -0.83429  0.98056 -0.56116 -0.03941 -0.55721  0.93531  0.92277
 1.11790  0.42222  1.09625  0.62908  1.34275  0.89030  0.44927  0.07296  0.95817  1.11307 -1.40269 -0.84794 -0.39995  0.05979 -0.81431
-0.40289  0.20359  1.18705 -0.91635  1.53335 -1.24621  0.48316  0.42424 -1.00890  0.16726  0.41779 -0.12782  1.06408  1.46930 -0.15916
-1.46732  0.94616 -0.93528  0.73256  1.25674 -0.12742  0.26505 -0.80072  1.53593  0.05079 -0.02201 -1.52916 -0.79463 -1.30372 -1.31334
 0.74577  1.15846 -0.78818 -1.06325 -0.13058  1.52327  1.43383 -1.27722 -1.02186  0.25146  0.35019 -0.65065  0.62908 -1.51540 -0.03079
-1.01752 -0.50515 -0.59389  0.29161  0.66632  0.03066  1.27955  0.34186 -0.80747 -0.94441  0.11604 -1.27265 -1.35891  1.15667  1.05236
-0.55808  0.84743 -0.17383 -0.27087 -0.84584 -0.04071  0.92634 -0.72238  0.34551  1.53651  1.24872 -0.94986 -0.55462  0.50067 -1.54201
 0.42661  0.90948 -1.03728  0.71750  1.23484  0.01772  1.35720  0.55271  1.51267 -0.35716  1.39707  0.62642  0.42903 -0.39378  0.81895
 0.65695  1.22572  0.97989  0.21321  1.42426 -1.48751 -0.15699 -0.82299 -0.13323  0.33243 -1.39258 -0.10906  0.18294 -0.27899  0.98170
-1.10843  0.27484 -1.01700 -0.33254  1.11436 -1.29371 -1.42714  0.43606 -1.13414  1.19613  0.09598  1.28532 -0.59559 -0.99751 -0.89310
 0.51847  0.04379 -1.52143 -0.02377 -0.73150  1.35055  0.77618  0.01272 -0.74987  0.27453  0.95441 -0.25390  1.23360 -1.52905  1.14720
-0.85309  0.13224 -1.01798  0.83218  1.01105  0.79358 -1.08773 -0.11826  0.55020 -1.39292  0.19577 -0.41159 -1.26758 -0.28518 -1.47982
-1.45899  0.94064 -1.38074  1.02816 -0.48147 -0.51305  0.17574  0.12032 -1.20371  1.39825  1.40372 -0.02574  1.27099  1.34206 -0.30088
 0.03064  0.46275  0.42668  1.21383  0.42484  0.38906  0.12072 -0.46359 -0.46159 -0.64715  0.38722 -0.85254  0.57715  0.10401 -0.51237
 0.18119  0.88860 -0.37868  1.08398  1.25517  1.26815  0.85535  1.01602 -0.09538 -1.03412  1.27349  0.18529 -1.14066  0.42695  0.84347
 0.72920  0.75842 -1.42984 -0.50746 -0.40777  0.08923  1.56392  0.88010 -0.83050  0.37809 -1.40994 -0.97356  1.17221 -0.95962  0.06133
 1.51376 -0.64645 -1.08696  0.11721 -1.50447 -0.27309 -1.47741 -0.39155 -1.31835  0.64434 -0.23959 -1.50277  1.18727  0.90433  1.34838
 0.54931 -1.17709  0.79391 -0.30304  0.99573 -0.79370 -0.35046  0.00936 -1.15976  0.87530 -0.26633  0.64202  0.11395  0.98732  1.54096
 1.35041  0.56499 -0.19671 -0.43053  1.29239  1.45356  0.62992  0.72387 -0.92764 -0.93528  0.15687 -1.54256 -1.06594 -0.19825 -0.77146
-1.26154  1.32273 -0.81054 -1.36546  1.40203 -1.09431  0.80496  0.64684 -0.46466  0.38472 -0.53096 -0.59258  1.52800  0.56484 -1.17173
-0.31237  1.04736 -1.54427 -1.29064  0.12664 -0.43330 -1.16062 -0.55219 -1.52974  0.86977  1.49143  1.48045 -0.87661 -0.87842  1.45097
-1.56341  1.13419  0.13204  0.49449 -0.36092 -1.36871 -1.54557  1.55743  0.08532  0.68184 -0.20180 -0.87272  1.40942 -1.24212  1.46843
-1.15639  0.20434 -0.23292 -1.27354 -0.24229 -0.12153 -0.71814  0.95833  0.57184  1.09123 -0.35506  0.07263  0.54232 -1.48442  0.52829
-0.18806  0.22748  0.63009 -0.20367  0.64795  1.33228 -0.16729 -0.53575 -1.31185  0.63711 -0.91862 -0.45738 -1.25070 -0.52255 -0.20339
-0.40984 -0.71479  0.09961 -0.52065 -0.21636  0.46662  0.29177  1.10147  0.87106  1.42148 -1.35436  1.50955 -0.19637  1.24761  0.59352
-0.58783  1.15623  0.30996  1.00540  0.41388  0.43306 -0.76683  0.60945 -0.90137 -0.04117 -0.29528  0.24010 -1.10006  1.42864  0.05118
-0.28631  1.32082  0.39494 -1.54071  0.74810 -1.12522  0.06823 -0.25517  1.29071  1.15515 -0.76423  1.01188  1.39568  0.48684 -1.15015
 1.28676 -1.36647 -1.56909  0.36024  1.36796 -0.08025  0.59671  1.24149  0.28680  0.82137  1.05322  0.11377  1.56654  0.80968  0.03833
 1.53897  0.69124 -0.36747  1.29718 -0.89741  0.48779 -1.12052  0.93993 -0.61541 -1.14629  1.27911 -1.49654 -1.52588  1.37806 -1.45968
 1.12672  1.06634  0.24165  0.54498  0.91597  0.94547  0.66166 -0.88627 -0.41569  0.38003  1.43475  0.91557  1.55082  0.11935  0.92084
-1.27955  0.28328 -0.23930 -0.57865 -1.09366 -0.24294 -0.13862 -0.50522 -0.09794  0.09169  0.18657 -1.29391  0.59683 -0.78285  0.79589
 0.51558 -0.36843 -1.11177  0.19380 -1.37776  1.33226  1.09310 -0.81978 -1.53161 -0.21157  0.27634 -0.98376  0.60935  1.49354 -0.27931
-0.53194 -0.73516  0.10151  0.85006  0.21645  1.16042 -1.26915 -1.34813  1.12688  0.08874  0.05151 -0.07911 -0.39763 -0.82840 -0.04600
-1.32198  0.50857 -1.42101 -0.30447 -0.37436 -0.44219 -1.50806 -1.49968  0.93303 -1.56142 -0.24514  1.06479  1.15497  1.41378 -0.58160
 0.39131 -0.86423  1.44166  0.13490 -1.11792  1.11250  0.47899 -0.40165  0.53891  0.80800 -1.48992  0.18810 -0.03870  1.09330 -0.16146
-1.26930 -0.94374  0.53223  1.44078  0.76528  0.08268 -1.01135 -0.51880 -0.00207  1.53374  0.81806 -1.54343  1.57065  0.92974 -1.07631
-0.12917 -0.96234 -0.59964  1.40149  0.45550 -1.00167  1.38322 -1.28868  1.33181  0.59577  0.54726 -1.07767  1.30300  0.92844  0.99732
-0.11966 -0.03691 -1.30095 -0.52483  1.32552 -1.19707  0.63952  1.21933  1.30391 -1.24904 -0.95690 -1.28398 -1.54717 -0.03865  1.06549
 0.27159  1.00450  1.38081  1.10286 -0.66826 -1.29793 -1.53382  0.71783 -1.42083  1.43128 -1.20025 -0.98566  0.74858 -1.52138  1.55023
-0.46927  0.75682  0.67386  0.16681 -0.88274  0.02563  1.01261  0.53029 -1.34423 -0.47023 -0.76656  1.17297  0.53729 -0.38249 -0.56090
-0.47256  1.45544 -1.11762  1.46084  0.63323  1.09426  0.31015 -0.85860  1.03032 -0.27841  0.22507  0.47358  1.04028 -0.93011  1.41108
 1.12788 -0.64961  0.38128  0.95742 -0.04590  1.22278 -1.53944 -0.64955  0.91642 -0.85799  0.16292 -0.73973  1.21256 -1.30422 -0.63381
-1.48760 -0.57840  0.38343  1.21846 -0.21168  0.06208 -1.51067  0.64435 -0.31955 -0.56452  0.92201  1.03170  1.45730  1.08650 -0.84698
 1.36225 -1.48350 -0.13203  0.06462  1.25925 -1.55958  1.20704  0.84420  1.19901  0.39644 -0.56639  1.57016  0.65316  0.05830 -0.79720
 0.41699  0.50852  0.82848 -1.15111  0.64310  1.09440  1.06357  1.40556  0.44692 -1.51840  0.73123 -0.63142 -1.51105 -0.50171  1.24902
-1.37863  0.61675  1.01990 -0.16397  0.90455 -0.62599 -0.01700  1.36763  1.16223  0.36531  0.41171  0.65052  0.69197  1.38621  0.06550
-0.31777 -1.21506 -1.43563 -1.49415  0.59272  0.29300  0.04627  1.38257 -0.55752  1.23711 -0.44769  0.44269  0.91636  0.24548 -1.05527
-1.19690  0.48470 -0.43703 -1.50961  0.77539  1.52614  1.27501 -0.81105  0.85598 -1.19110 -0.83908  1.52438  0.39328 -0.06757  1.00190
-1.55696 -0.30594 -1.56534  1.24236  0.70907  1.00887  0.94269  1.27189 -0.72367  1.31893  0.27512  1.16965  1.45343 -0.84534  0.66719
 1.41313  1.26586 -0.81036 -1.49737  1.02836 -0.61030 -1.47826 -0.44894 -0.09807  1.09805  1.10619 -0.29629  0.82894 -1.44836  0.96347
 0.29432 -0.76193 -0.11180  0.67485  0.73533 -0.32654  0.29092 -0.20327  0.90668 -0.24666  0.84948 -0.88198 -0.41286 -1.28399  1.40702
 0.24127  1.49650 -0.20008  0.75853  0.99901  0.27741  0.90153 -1.07694  1.11141 -0.78110 -1.52192 -1.03689 -0.50396 -0.94638 -0.74172
-1.28419  0.38495 -0.45390  0.75242 -0.02787  0.26128  0.92982  0.39279  0.44535 -1.47440 -0.23818  1.53373 -1.40263 -0.69972 -0.39880
-1.33493 -1.04940 -1.30537  0.53143  0.59071  0.57968  1.31248  0.73079  1.52591  1.05864 -1.19401  0.97034 -0.28106  0.13110  1.17039
 1.53966 -0.36201 -1.51707 -1.34053  0.03457 -1.03470 -1.37706  0.70539  1.23557  1.18092 -0.31720  0.65878 -0.16173 -0.12551 -0.58776
-0.09171  0.21514  1.12433  0.26159 -0.02130 -0.07318  0.22684 -1.21136  0.25260  0.52006  0.16255  1.13296 -1.18735 -0.27497 -0.26858
 0.74409 -0.10384  1.05550  0.74106 -0.42196  0.42981 -0.24140  0.74951 -0.97893  0.20479 -0.53282 -0.41490 -1.02456  0.52016  1.49734
-0.98727  0.15662  0.19451  0.37752 -1.34296  0.86520 -0.40256 -0.61237  0.17860  0.83622 -0.56439 -0.23928  1.23736  0.02319  0.08776
-0.19463  0.76222  0.54701  1.29458  0.59470  0.19392 -0.86912 -0.44451 -1.09197 -0.75364  1.42008 -1.10365  0.49768 -0.53727  0.16827
-1.48730 -1.08593 -0.28636 -1.54626 -1.01781  0.88361  0.27775 -0.34335  0.22500 -0.66655  0.55239 -0.69296 -0.87210 -0.07281  0.30518
-0.86419  1.30547  0.14363  1.23863  1.50386  0.95636 -0.97301 -1.17846  0.67532 -1.04143  1.12644 -0.08553 -0.30731 -0.08072  0.70424
-0.39226 -0.33511 -1.30730 -1.48430 -0.82156 -1.45275  0.46869  0.90978 -1.05794 -1.49521 -0.98869  0.34812  0.46131  0.06259 -1.27475
-0.28575 -1.28884 -1.17840  0.07233  0.04920 -1.05714  0.97034  1.56347  1.02656 -0.33006  1.28699 -1.31187 -0.59893  1.01580 -0.39480
-1.06130  0.41887  1.40312 -1.09986  1.45011  1.21964  1.21123 -0.28719  1.51404 -0.42963  0.13420 -1.40983 -1.38629 -1.42984 -1.35404
-1.18500 -0.86579 -0.63401 -1.27622 -0.15879 -0.23955 -1.08605 -1.53986 -0.18918 -0.75222  0.44488  0.67775  1.32939  1.25196 -0.53846
-1.24727 -0.85987 -0.88786  1.45696  1.06948  0.99669 -0.50185  0.27428  1.19148  1.35308  1.32578  1.31642  0.49354  1.28652 -0.49633
 1.26956 -1.32529  1.34438  1.07540  0.33478  1.05700 -0.92702 -1.31605 -0.15290  0.95814  0.95820 -0.56975  0.02675 -0.62301  0.71888
 0.13970 -0.49300  0.26695  0.23884  1.44486 -1.25433  0.12440 -1.13336  0.33562  0.90118 -1.55106 -1.04400 -0.32727 -0.12301  1.55545
-0.48536  0.08942 -0.54172 -0.65229 -1.15139  0.22003 -1.08671  0.13826 -1.16776  1.56788  0.93873 -1.37081  0.76708  1.28726 -0.80819
 1.29149 -0.12091  1.32201  0.25172 -0.42710 -0.66046 -1.08963  0.86148  1.47150 -0.54013 -1.30104  0.53060  0.85388 -1.10608  1.27742
 0.75574 -0.82347 -0.92751  1.51601  0.86242  0.26796 -0.58386  0.38203  1.32578  1.55113  0.85746 -1.31283 -0.59832 -1.53538  0.18128
-0.59020 -0.24767 -0.39158 -1.17544 -0.67216  1.45471  0.36934 -1.00947 -0.24117 -0.56265  0.42662 -0.63301  1.37518  1.12334 -0.62036
-1.51002 -1.51830  1.22030 -0.52160 -0.41422 -0.02965  1.23927 -0.60959 -1.42300  1.41240 -1.37508  1.29290  0.77721  1.04381 -0.49416
 0.24374  0.42679  0.09755 -0.37837  0.94071 -0.44914  0.45713  0.92604 -1.20855  0.06126  1.36657 -0.40785  0.05311  0.30244  0.51923
 0.71184 -0.75269  0.55805  0.52848  0.82754 -0.91753 -1.38275  1.19234  0.58397  0.02253  1.49260 -0.40829  0.70684 -0.98347 -0.69523
 0.64478 -1.14385  0.65195 -1.51666  0.68457  1.10753  0.86070 -0.19238  1.11556 -0.01328 -0.13112 -0.45218 -0.69265 -0.59815 -0.94020
-0.51412  0.19170 -0.95403  0.85857 -0.63936  0.63007 -1.11086  0.03981 -1.34749 -1.24629  0.32622  1.07204 -0.05569 -0.61827 -0.65980
 1.32603 -0.49877 -0.42293  1.45242 -1.35882 -0.25119 -0.71480 -0.86927  1.34135 -0.99777 -1.45272 -0.90598  0.83406  0.10220 -0.53254
-0.68871  0.86772  1.23538  0.54932  1.31254 -1.52485  0.21837  0.17309 -0.07693  0.80213 -0.00852 -0.92917 -1.19098 -0.19560 -1.37134
