-1.97555
-2.10907
-1.89149
-1.84693
-2.03886
-2.29480
-1.97687
-2.50414
-1.86092
-2.31013
-2.18380
-1.93155
-1.87089
-2.19510
-1.83808
-2.17768
-2.10896
-1.97232
-2.16176
-2.25535
-2.14062
-1.90129
-2.45246
-2.29932
-2.36864
-2.02243
-2.19391
-2.04321
-1.98174
-2.14704
-2.26250
-2.18999
-1.71979
-2.26152
-2.17363
-2.11856
-1.61269
-2.19359
-2.13950
-2.05502
-2.27067
-2.20959
-2.06247
-2.37376
-2.09989
-2.23564
-2.04292
-2.02413
-1.93946
-2.21015
-2.28587
-1.89871
-2.53353
-2.12422
-2.42650
-2.14115
-2.22038
-2.26505
-1.88767
-1.97219
-1.94845
-2.24372
-2.16883
-2.48801
-2.03785
-2.07411
-2.25968
-2.36389
-2.36013
-2.14919
-2.21220
-2.25545
-2.28383
-2.04248
-2.20607
-2.24983
-2.08662
-2.24406
-2.03990
-1.77727
-2.23622
-2.15402
-1.80455
-2.28834
-1.62008
-1.88459
-2.02122
-2.29116
-2.15291
-1.81183
-1.79383
-2.11778
-2.45595
-2.09788
-2.22793
-2.16308
-2.05898
-2.67255
-2.39504
-1.91003
