 3.20062  2.35260  2.73623 -3.44512  3.25090  3.21329
 3.18269  2.39785  2.73299 -3.33386  3.28358  3.19574
 3.18419  2.38594 -16.04497 -2.98301  9.23905  3.30249
 3.14402  8.76816  3.46650 -3.04471 -3.19495  3.19370
 3.19555 -10.33619  15.46368 -3.38409  3.30496  3.24269
 3.09983  2.40119  2.79774 -3.31399  3.18357  3.16237
 3.03097 -3.86055 -9.20346 -2.96594  3.04302  3.10301
 3.09354  14.91132  9.03032 -3.02949  3.13152 -3.14854
 3.09214  2.41309 -3.47955 -3.03189 -3.22711  3.18967
 3.16269  2.31834  2.70220 -3.32069 -3.03056  3.07247
 3.00960 -3.77411 -9.14073 -2.98069  2.99338  3.03631
 3.11758  2.32288 -9.83870  3.03029 -9.49674  3.06262
 3.13261  2.40708 -3.58648 -2.77360  3.00197  3.05488
 3.16275  2.40782  9.06486 -9.08750  3.33273  3.20876
-3.23270  2.22295  8.95898 -3.00648  3.01276  3.01553
 3.17087 -4.00124  3.51595  3.39265 -9.19041 -3.00205
 3.24734  2.39039 -9.77504  2.98040 -3.17657  3.20002
 3.18660 -3.99588  3.70708  3.47165  9.54225 -3.16733
 3.17383 -10.38760 -3.59641 -2.96909 -3.12015  3.13315
 3.08125  2.39211 -3.52451  3.23562 -3.07727  3.16137
 3.07004 -3.92382 -8.99455 -2.85454  2.92190  3.02067
 3.18849  14.88014  2.81493 -3.47063  3.37939  3.23907
 3.18275 -3.95959 -2.81731 -9.64729 -3.27890  3.30182
 3.06867 -3.97782 -9.08676 -9.16509 -2.98560  3.01196
-3.11439  2.34843  9.01304  3.33255  3.35973  3.21476
 3.07761  8.70556 -2.77852 -3.38772 -3.03550  3.08023
 3.29305 -3.85514 -9.18746  3.26033  3.24791  3.25388
 3.10250  8.72415 -2.84167 -9.56530  3.05387  3.13346
 3.09306 -4.02030 -9.05004 -2.94314  9.25115 -3.01781
 3.08807  2.35281  2.82983  2.90043  2.90063  3.06852
 3.13413 -3.90413 -2.82432  2.94395 -3.31013  3.20612
 3.21486  2.46988 -3.49299  9.64480 -3.40496  3.35342
 3.12513 -3.87831 -9.02580 -9.21165 -9.27369 -3.00503
 3.11070 -4.13996  3.72618 -9.06246  3.28757 -3.05631
 3.19692  2.24788 -9.88918 -9.60932  2.99152 -3.24074
 3.10895  8.76987  3.56622 -9.13636 -9.21840 -3.04579
 3.11147 -3.98425  3.50336 -2.88443 -3.19385  3.21406
 3.07442  2.55119 -3.35195  3.21823  3.10019  3.19096
 3.13976  2.35632 -9.72890 -9.63737 -3.27056  3.24409
 3.14271  2.52641  8.99871 -2.86679  3.02588  3.09698
-3.07541  14.78448 -3.54077  3.35449 -3.02168 -3.24525
 3.07632  2.28343  9.01358  3.26515 -9.22413 -3.04473
 3.16329  2.17493  2.67783 -3.31816 -2.94371  3.13571
 3.05863  2.29284  9.10687 -9.29882 -3.02167  3.11081
 3.20687 -10.30799  2.59542 -9.75810 -9.67483 -3.30919
 3.05566  2.21043  2.64072  9.14560 -9.27603 -2.99666
 3.14508  2.25279  9.07666 -3.05480 -3.25525  3.13537
 3.23601 -3.88709  3.48503 -2.80962 -3.29652  3.19075
 3.19860  2.20408 -3.63659 -2.95388 -3.20332  3.24081
 3.16617  2.31991 -9.91397  2.80447  3.02030 -3.15594
 3.13943 -3.85902  9.97580 -3.47329  3.31804 -3.09649
 3.11801  8.64729  9.84411  2.84589 -3.35046  3.14757
 3.06471 -3.97513  3.44871 -9.18352 -9.37161 -3.06214
 3.17012  8.78679 -2.87466 -3.15709 -3.14822  3.10296
 3.13358 -10.16301  9.02220 -2.96888  3.12046  3.17478
 3.04265 -3.97782  3.56978  3.20484  3.09908  3.11046
 3.09537 -3.80415 -2.74465 -9.54743 -9.46981 -3.13806
 3.20211  2.40301  2.77784  3.01657 -3.28116  3.15440
 3.23020  2.33906 -9.89220 -9.63452 -3.34789  3.26624
 3.12049  8.66762 -2.67527  2.80824 -3.31869  3.24470
 3.22107 -10.20781 -3.51638 -2.96037 -3.34254  3.22595
 3.13360  2.46064  2.72656 -3.23700  3.12024  3.11432
 3.16135  8.57482 -2.78284 -15.85660 -3.05446  3.20478
 3.14580  2.23214  2.63163 -3.35864  3.28784  3.16513
 3.08863 -3.92281  9.98614 -3.34173  3.21841  3.06455
 3.16380  8.68780 -9.06911 -3.02810  9.41942 -3.14226
 3.15483  2.32146  2.71937  2.87717  3.06321  3.09957
 3.17016  2.37032 -3.50792  3.29928  3.21459  3.17346
 3.10754 -3.93200 -2.79181  9.14320 -2.93010  3.02611
 3.12729  8.36286 -8.91323 -2.88673 -3.24973  3.23998
-3.18263  2.32975 -3.62338  3.46218  3.37508 -3.02372
 3.20113  2.32007 -3.60191 -2.75953 -3.33103  3.29421
 3.27052 -3.94509  9.89485  2.86173 -3.33827  3.33081
 3.07912  2.24249 -3.65962 -2.80194  2.98418  3.03250
 3.13263 -10.32351  9.05769  3.39472 -3.12367  3.24868
 3.23052 -16.59146  3.64569  3.52014 -2.94220 -3.23104
 3.05612 -3.84576  3.45210  3.28197 -3.03598  3.04392
 3.07441 -4.00530 -2.74350  9.15863 -2.88848  3.10451
 3.19895  8.76545 -2.65223  2.81342 -3.25103 -3.18056
 3.03995  2.32965  9.05669 -2.83107  2.97142  2.99143
 3.05094 -4.05880 -2.64433  2.76651  9.21887 -2.96070
 3.11774 -3.94209  3.41607 -3.00825  3.00186  3.15699
 3.06718  2.41742 -3.37450  3.34211 -2.97360  3.05987
 3.13280  2.46214 -3.42842 -2.94156 -3.12284  3.09062
 3.08689 -10.27660  2.61889 -9.83098  2.84733  2.96855
 3.17702 -3.93638  3.73650  3.44240 -3.08479 -3.11681
 3.04692 -10.29488  9.08448 -9.22747 -2.98916  3.02846
 3.15600 -10.20462  2.85198  2.99614  3.01315  3.12576
 3.18671 -3.75648 -2.84931  9.22461 -3.12559  3.18006
 3.23143 -4.07066 -2.66632 -3.52642  3.34078  3.29638
 3.10914  2.46256  2.80878  3.04222  3.09161  3.12504
 3.05230  2.25825 -3.45203 -9.23168 -2.99781  3.04572
 3.14441  2.38529  2.80247 -3.43383 -3.06273  3.13198
 9.45534  8.61771 -9.10472 -2.94049  3.02854 -3.14499
 3.14067 -3.84038  3.50305  3.30137  3.23793  3.18492
 3.14320  8.54304  3.60652 -2.97091  3.02723  3.02140
-3.19913  8.60783  3.55256 -9.21403 -2.98227  3.07173
 3.00253 -4.12467  3.61468 -2.79946  2.90657  2.99157
 3.02295  2.29354  8.99443 -2.81009  2.86637  3.02352
 3.24652  8.73160  3.45733  3.29523  9.45410 -3.17859
