 8.46725 -20.37836 -0.35889 -5.58735  10.89887  14.23938 -7.80257
-7.24350  0.04130 -8.21097 -5.41182  9.37634  3.04233  18.75276
 2.18273 -6.24158 -5.07164 -4.01238  3.09169  6.38356 -9.32700
-16.66434 -17.23707 -22.35047  13.26443  7.95144  1.67008 -7.90252
 8.46725 -4.67039  2.78270  16.40380 -1.66750 -7.75177 -7.80257
-26.09425  9.46471 -1.92899  16.58344 -6.23509 -9.52195  12.65928
 5.32397  1.61218  2.78420  5.58631 -1.47492 -4.81223  1.61846
 2.18521 -14.09548 -19.20888  35.25558 -17.18130  17.37804 -1.61934
-0.96032 -21.94985  23.20495  7.15455  6.23475 -6.38245 -3.23839
-10.38231  26.74553 -22.35004 -2.44575 -14.23387 -14.03496  11.04699
-22.94586  0.04239 -11.35429  5.40598 -3.09057  9.52595  31.31971
 14.75158  11.03726  2.78227 -5.58513 -14.03971  4.81167 -4.76093
-4.09797  1.61248 -9.78410  6.98124  7.95144  20.51964 -14.18571
-13.52832  11.03654  15.35069 -16.40558 -14.23191 -17.37672  17.22781
-4.09912  23.60394  2.78270 -15.01212  14.04046 -10.89336  1.62221
 5.32123  14.17813 -16.06524 -16.40558 -4.80713  4.61443  1.51985
 2.18688  0.04239  1.21208  17.97235  9.47580 -9.32361  6.18697
 14.75325  9.46717 -17.63748 -19.72677 -18.79854  6.38436  9.32856
-10.38231 -29.80314 -19.20844 -11.87053  14.04046 -14.03496  1.62221
-7.24469  12.60630 -1.92899 -21.11567  22.03925 -25.22992 -9.33187
 5.32287  18.89086  13.78018  10.29614  6.23475  3.04233 -3.23839
 5.32168  3.18152 -1.92899 -2.26612 -37.65102 -3.23877  6.37609
-0.96032  22.03245  7.49699  16.57933  3.09316  6.18392 -6.37998
-0.96151  6.32312 -5.07058 -17.97408  6.33128 -0.09718  12.65928
-7.24469  3.18152 -8.21217  4.01707 -6.23509  9.32760 -31.32302
-0.95922  7.89536  18.49216  21.29428  14.23304  7.75414 -1.52314
 14.75043  20.46235 -6.64207 -11.87053 -17.37546  17.38097  1.62221
 8.46725 -4.67039  5.92430  0.69584  1.47409 -1.46859 -10.94416
 5.32168  3.18152 -14.49536 -14.83249  18.89765 -9.52195 -6.19028
 21.03477 -14.09548  5.92386 -2.44353  1.66825 -32.88744  4.66385
 5.32397  1.61218 -3.49899 -6.98006 -1.47492  7.75414  1.61846
 11.60716 -14.09579  24.77535 -22.68802  11.09145 -26.80338 -10.94791
 11.60660  12.60743  4.35551  16.58149  3.18997 -6.38184  15.80306
-19.80688  4.75340  31.05790  5.58883  7.75705  7.75407  7.80383
 30.45774 -3.10038  20.06319 -8.55233  3.09105 -6.38445 -0.09791
-13.52455 -3.10038 -8.21115  7.15564  6.23264 -6.38445 -22.08906
 36.73934  12.60743  7.49710 -17.97603 -18.80117  12.46771 -12.47128
 2.18346  3.18517 -1.92959 -0.87264  15.65784  9.52516 -3.04432
-13.52614  3.18265  4.35551  29.14786  6.33157  9.32612  6.37828
-4.09973  6.32676 -1.92959 -7.15583  18.79943  12.66675  0.09727
-4.10102  1.61258 -6.64212  0.70118 -17.37488 -14.03602  7.90447
 43.02411 -3.10038  20.06319 -21.11870 -15.75851 -12.66763 -0.09791
 2.18193 -18.80877 -8.21289 -4.01563  6.33254  3.24199  3.04669
-10.38421 -1.52901 -50.62442 -5.58201 -14.23328 -10.89443 -7.80349
 2.18395  4.75536  31.05714 -2.44750  1.66781 -14.03672  4.66341
 2.18193 -9.38399  20.06145 -0.87404 -12.51701  25.23314 -22.08606
-7.24170 -10.95368 -6.63964 -3.84183  7.95103 -4.81362  4.76248
-13.52614 -3.10053 -5.06927  13.43990 -9.37640 -3.24025  22.08624
 30.45742  4.75429 -0.35645  2.44136 -7.75693  17.17753 -10.94549
-7.24295 -3.10053  1.21392  7.15671 -15.65958  3.04294  3.23669
-13.52369  14.17818 -0.35802  5.58883  17.18183 -1.67071 -14.18732
-4.09973 -6.23961 -1.92959 -13.43901 -6.33331  0.10038 -18.75228
-0.95732  4.75340 -3.49961 -10.11914 -26.80047 -4.81230 -1.62095
-26.09092 -12.52516  4.35522  13.43882  21.94060 -28.37559 -0.09791
 36.74093 -6.24198 -1.92796 -5.41074  15.65742  15.60670 -12.66428
-4.10102 -23.52016 -0.35894 -24.43156  26.60742 -7.75284  1.62129
-22.94929  0.04358 -36.48711 -4.01423  9.37465  0.10038 -9.32750
-4.10126  0.04079  1.21189 -13.44041  9.47414  15.80836 -6.37809
 5.32468  7.89588  2.78514  5.58295  4.80944 -4.81362  14.18725
-4.09973 -6.23961  4.35359  17.97691 -25.18287  12.66675 -12.46910
 8.46511 -9.38399  16.91986 -16.58201 -3.09223 -6.18279  12.47146
 17.89223  7.89499  12.20835 -6.97754 -1.66773  10.89566 -20.47050
-22.95081  18.89034 -5.07129  11.69233  3.19095  3.24199  6.18828
 11.60786  4.75429 -6.63964 -10.12501  11.09263  4.61116 -10.94549
 36.74352 -21.94936 -8.21182  4.01786 -6.23383  21.89145  25.23110
-19.80515  15.74975 -30.20297  0.87626 -3.09224 -9.52448  22.08951
-26.09441 -9.38392 -8.20992  19.72408 -6.33203 -0.10066  15.61069
 2.18323  4.75532  9.06612  13.26388  4.80809 -14.03879  26.65330
-0.95825 -7.81225 -9.78283  5.58923  14.23533  4.61102 -20.36989
 8.46513 -6.24081 -8.21193  14.83129 -6.23411 -9.32425  15.60945
-7.23878  9.46657  4.35455 -14.83170  0.04936  3.04189  0.09836
 8.46716  0.04275  7.49549 -4.01439 -3.19229 -6.18366  22.08857
 8.46400 -1.52955 -16.06571  10.12004 -11.09266 -4.61250 -23.51360
 11.60703 -4.67126  15.35191 -3.83830 -4.80947  23.46299  1.52168
 2.18323 -14.09423  2.78293 -5.58568  4.80809  4.81077 -17.32899
 14.74718  14.17841 -19.20730 -5.58793  1.47371 -1.47091 -10.94723
 11.60703 -10.95444 -12.92242 -0.69670 -14.23424  10.89662  10.94646
 24.17715  22.03294  16.92092  4.01786  6.33254 -3.24129  6.38155
 8.46513 -9.38240  23.20400  2.26492  3.19067  0.10053  6.18468
 14.74960  1.61373  34.19886 -18.15205 -4.61669  20.51873  17.22852
-0.96167  6.32404 -23.91788  4.01612  6.23434  9.32412 -9.52205
 14.75035  9.46752 -8.21248  17.97676  9.37408  3.24112  15.80539
-22.94876 -6.24044 -11.35407  27.40154  3.09089 -6.18366 -3.04417
 8.46641  1.61373 -9.78344  6.98069  1.66650  20.51873  4.66215
-4.10124  12.60875  1.21285 -13.44304  3.19067  28.37486  12.46786
-7.24253  7.89511 -3.49764 -3.83830  14.04009 -7.95294  7.80487
 27.31597  1.61373  12.20771  3.83910 -1.47509  1.66918 -11.04581
 2.18398  0.04275  1.21230  2.26880  3.09089  18.94908  3.23902
 5.32759  6.32497 -8.21182 -8.54851 -15.65861 -6.38289 -15.60960
 8.46513  0.04238  20.06241 -19.72623  3.19067  3.24212  18.75105
 14.75035  9.46752  4.35389  5.41039  3.09089 -15.60844  3.23902
-10.38443  3.18397 -1.92874 -16.58464 -3.09252 -6.18266 -6.38169
 8.46513 -6.24081 -27.06148  8.54811  0.04907 -3.04107  3.04308
 5.32759  12.60816  1.21296  26.00901  6.33254 -18.94926  12.66473
 8.46513 -12.52399 -5.07034  5.40651 -9.37570 -3.04107  18.75105
-0.95825  33.02845  12.20832 -10.11873  20.51852  7.75261  23.61241
-4.10287 -10.95417 -6.64036 -2.44257  4.80796  1.66968  1.52060
 5.32599 -14.09405 -3.49875  5.58808  26.80238 -14.23945  11.04522
-7.24378 -3.09889 -8.20887 -11.69228  31.36653  25.03136 -15.80576
 5.32314 -4.67189 -28.63215  8.72764 -11.09242 -7.95426 -4.76034
