-2.20156
-2.20154
-2.20156
-2.20156
-2.20154
-2.20156
-2.20155
-2.20156
-2.20156
-2.20154
-2.20155
-2.20155
-2.20154
-2.20156
-2.20155
-2.20154
-2.20152
-2.20154
-2.20153
-2.20154
-2.20153
-2.20156
-2.20156
-2.20153
-2.20155
-2.20154
-2.20156
-2.20156
-2.20155
-2.20154
-2.20154
-2.20156
-2.20153
-2.20151
-2.20154
-2.20152
-2.20154
-2.20152
-2.20153
-2.20150
-2.20152
-2.20154
-2.20154
-2.20150
-2.20152
-2.20152
-2.20152
-2.20152
-2.20151
-2.20152
-2.20152
-2.20151
-2.20152
-2.20152
-2.20150
-2.20153
-2.20154
-2.20153
-2.20152
-2.20150
-2.20154
-2.20153
-2.20153
-2.20152
-2.20153
-2.20151
-2.20151
-2.20151
-2.20155
-2.20154
-2.20154
-2.20151
-2.20153
-2.20151
-2.20155
-2.20151
-2.20151
-2.20155
-2.20155
-2.20151
-2.20151
-2.20154
-2.20153
-2.20151
-2.20153
-2.20151
-2.20151
-2.20153
-2.20155
-2.20151
-2.20151
-2.20151
-2.20151
-2.20155
-2.20153
-2.20154
-2.20152
-2.20150
-2.20151
-2.20153
