 1.55383 -0.31500  0.66251 -1.00937 -1.04502 -0.63651 -0.11421
-1.45122 -0.30985 -0.83667 -1.54602  0.22785 -1.42239 -0.04102
-0.58740  0.84010  0.52302  0.03468  1.38991 -0.26710  1.21037
 0.80085 -1.01772  0.80006 -1.03088  0.39815  1.40553 -0.77348
-0.48789  0.80470  0.68169 -0.79299  1.34005  1.11296  1.35817
 0.29259 -1.13155  0.23058  0.58689 -0.26830  1.03016  0.36289
 0.44882 -0.54235  1.26808 -1.26217 -1.10893 -0.51793  1.02627
 1.16465  1.15228 -0.04765  0.83161 -1.19580  1.07208 -0.65050
-0.64861  1.52150  0.48418  1.11981  0.15663 -0.73079  1.16409
 0.47689  1.32268  0.69225 -0.53212 -1.28747 -1.45945  0.63682
-0.18651 -1.01491  0.30794  1.27774 -0.03581 -1.32777  0.77203
 1.56621  0.79736  0.77348  0.43308 -0.04600 -1.01090  0.66836
 1.11311 -0.39165  1.26600  0.53554 -0.77477  0.90731 -1.21006
 0.92587  1.08390  1.01788  1.14484  0.82272 -1.43671 -0.20196
-0.41497 -0.10641  1.03241 -1.55389 -1.04342 -0.74819  1.50959
 1.03738  0.19501 -0.15709 -1.12957 -0.89423  0.04348 -0.23235
 0.79999 -0.73053  1.29112  0.50453 -1.43150 -1.50282 -0.52967
-1.14101 -1.18605 -0.77285  0.23733 -0.98626  1.24613  0.80815
-1.41592 -1.49360 -1.34957  0.76926 -0.70099 -0.02016 -1.49562
 1.20973 -0.38362  0.45947 -1.32692  0.69492  1.40628  0.64534
 0.08968 -0.47951 -1.26059  0.32031  0.87253 -0.63555  1.16251
 0.69992 -1.00090  0.08973  1.05897  1.28135 -0.95699  1.56706
-0.07463  1.28574 -0.75876  1.26422  0.95927 -0.46973  1.53870
 1.55333  0.13989  0.81709  0.44690 -1.47057 -0.35164 -1.21841
-1.08079 -1.35784  0.25765 -1.08261  0.74906  0.69536  0.37410
-0.72015  0.94183 -0.35719 -0.74997 -0.20040  0.52984 -0.32522
 1.03408 -0.35781  0.10847 -1.10925  1.42779 -0.03283  0.78345
-1.10539  0.04860 -0.11849  0.09577  0.26589 -0.22375  0.82731
 1.56896  0.15910 -0.71181  0.76267  0.63309 -0.60042 -1.51291
-0.06351 -0.10050 -1.51745  1.16155  0.93408  0.67794 -0.06863
-0.82453 -0.74264 -1.37886  1.48382 -0.51821 -0.98792  0.07760
-0.38844  0.18544  0.39507 -1.28674  0.85957 -1.11654  0.39811
 1.43556  0.78059 -1.22725  1.00640  0.65238  0.55951 -0.91568
 0.60071  0.34373  1.17273  0.80623 -0.46446 -1.20287  0.95904
 1.03544 -0.00605 -0.20654 -0.01650  1.32199 -0.91740  0.70274
-1.09370 -0.09048 -0.50713  0.03168 -0.65075  0.81441  0.24840
 1.27396  1.13923  1.00319 -0.08190  0.72756 -0.71095  0.80353
 0.82256  1.03063  0.80258 -0.30643  0.99402 -0.98333 -0.17280
-0.43396  0.88996 -0.81027 -0.34461  0.48276  1.39537 -1.19965
-0.34845  1.51042  0.97507 -0.04370  1.20173 -0.85320 -1.44839
-0.84743  0.00490  1.43447  0.94234  0.00678  0.23401  1.08644
 1.34461  1.18682  0.72128 -0.85936 -0.75519 -0.99750  0.56891
 0.42444 -0.45907 -0.56760 -0.26320  0.81988 -0.75252 -1.06060
-0.45328  0.68175  1.12083  0.79616 -1.21312  0.55797  1.21901
-0.34665 -1.40158  0.21846  0.02852  1.11266 -1.15056  0.50945
-0.08138 -1.12427  1.31388  0.07124 -1.32808  0.37564  0.46950
-0.85016 -0.77588 -1.39762 -0.73418 -1.30110 -0.70334 -0.68507
-1.22119  1.33460 -0.87797  1.17164  0.32718  1.44785  0.61433
-0.36195  0.93606  1.07226 -0.50356 -0.30700 -0.04871 -0.94185
-0.76609 -1.43235 -0.57908  1.43775 -0.78159 -1.25443  0.22976
 1.05429 -1.06709  0.23377  0.32186 -0.77614  1.24540 -0.00868
-1.54793 -0.10470 -1.18588 -0.88866  0.11997 -1.20113  0.65352
-1.19173 -1.26234 -0.92213 -1.16251  0.78737  1.50796 -0.25089
 1.46908  1.40033 -1.33757 -0.68605 -0.76341 -0.54152 -0.67977
-0.34644 -0.77769 -1.46163 -0.00784 -1.00720  0.30657  0.58019
 1.27195  0.94130 -0.47918 -0.52414  1.00378 -0.66165  1.20477
-0.77177 -0.28520  0.39495 -0.69337 -1.39264  1.55578  0.40724
-0.75310 -0.22340 -0.16599 -1.05449 -0.60419 -0.58740 -1.20249
-0.71028  0.50622  1.15653 -0.08365  1.24328  0.16863 -0.38426
-0.17318  0.71087  0.87349  0.30536 -1.34290  0.05471 -0.10728
-1.06954 -0.98375 -0.62299 -1.29199 -0.00294  1.15933  0.43182
-1.21181  0.53604  1.18265  0.00042 -0.69624 -0.62181 -0.54460
 1.00488 -1.15273 -0.38605 -1.14498  1.04252  0.80912  0.87293
 0.63854  0.57389  0.20675  0.94931  1.54020  0.10766  1.27688
 1.38913 -0.87946  0.52429 -0.47095  1.38639 -1.15633  0.05035
-0.31658 -0.00001 -0.92601 -1.21645 -0.25311  1.20462 -1.16953
-1.00971  1.27697 -0.23033  1.07492  1.45532 -0.24049  1.52172
 0.85357 -1.06268  0.81385 -1.13457  1.04315  0.36305 -0.45550
-0.65777 -1.55884  0.37539 -0.40497  0.87645  0.99079 -0.42021
 0.89747  1.02073 -0.35628  1.15771 -1.27180  1.08500 -0.03830
 1.49727  0.42969 -0.92381 -0.62272 -0.62052  0.07068 -1.32589
-0.14368  0.08542  1.23084  1.08147 -0.27127 -0.79921 -0.59773
 1.22397 -0.95271 -0.72523  0.86915  0.83751 -0.24698 -0.88512
-0.92924  0.09774  1.29885 -0.35027 -0.09947  1.54278  0.86265
-1.03172  0.99237  1.08377 -0.56839  0.94029 -0.44124 -1.54421
 1.35420 -1.29888  0.14847  1.35264  0.96406  0.94840 -0.62641
 0.98948 -0.03355 -1.00835 -0.93943  0.68443 -0.72220 -1.14664
 0.16318 -1.22053 -1.09878 -0.41997  1.02728  0.71945  0.44110
-0.00859 -0.30406  1.34844  1.32936  0.09690 -0.81708  1.30970
-0.68515 -0.36556 -0.09315  0.18004  1.27546 -0.71034 -0.67467
 1.56320 -0.87535 -1.45505  1.55321  1.07307  0.66088 -1.19936
 0.81942 -1.34512 -0.96239  1.35831  0.70852  0.23432  0.62596
-1.51388  0.56067 -0.69414 -0.14481  1.19491 -0.18952 -0.05691
 0.24711  0.22534 -1.01718  0.52179  1.42303  1.14873  0.13067
 0.07251  1.51401  0.04994  1.56172  0.82841  1.46279  0.98842
-0.97634  0.23610 -0.55193 -0.56344 -0.86390 -0.01186 -0.62635
 0.03620  1.06819  1.54487 -0.69684  0.34918  1.00218 -0.03847
-1.44545  0.21453 -0.38849  0.60693 -0.76430 -1.02146  1.56796
-0.65326  0.85064 -0.27585  0.04621 -0.85930 -0.17729 -1.22311
 0.95540  0.67096  0.13560 -0.08105 -0.03841 -1.12038 -0.70151
-1.25933 -1.04289 -0.30299  0.22512 -1.37740 -0.41758 -1.47995
 0.63257  0.37425  1.31098 -0.45887 -1.13352 -1.33210  0.58679
-0.80153 -1.36477  0.53524  0.53257 -0.64252  0.19223 -1.27095
 0.12320 -1.19718 -0.62318 -0.90747 -0.07696 -0.14894 -1.21631
 0.95369 -1.49455 -1.35829  1.07304  1.52110 -0.76677  0.68253
-0.11330  1.55070 -0.27881  0.11658  0.67205 -0.07796 -1.41812
-1.35816  0.55224  0.36446  0.78816 -0.26768 -0.75099 -0.41183
 0.87227  0.27574  0.91250  0.51444  1.43152  0.55006 -1.39338
 0.44146  1.33791  0.47573  1.33900 -1.47735 -1.55990  0.45767
 0.30155  0.95980 -0.80187 -0.68520  1.24151  1.03988 -0.68897
