-10.39833  17.30099 -9.78423 -11.86304 -1.48606  17.36619  26.68829
 5.30773 -18.82756 -17.63784 -2.27564  12.55253 -22.07821 -3.22640
 39.86715 -1.54857 -6.64264 -27.57100  1.65554 -26.61610 -7.86923
 14.73441  11.01780 -28.63379  19.55289 -14.05243 -7.76655  1.55555
 17.87410  12.58837 -23.92103  4.00755  18.83572  3.05453  34.47271
-22.96499  6.30525  13.77750 -29.14171 -3.15718 -18.76128 -34.47253
-4.11592 -6.26087  20.06225 -19.71490  3.15668  3.22946 -12.65156
-4.11515  23.58418 -3.50105 -5.57985 -1.48606  17.36619  20.40511
-10.39833 -10.97334 -9.78423  6.98652  33.07146 -4.62496 -7.86923
 30.44047 -25.11074 -8.21307  13.43232  3.12775  9.33771 -6.36800
-16.68229  15.73027 -17.63687  11.70103 -43.96721  12.65424  28.18914
 14.73262  14.15897  5.92481 -11.86063 -4.79758 -45.46443  7.86922
 17.87410  9.44678 -8.21307 -5.41723 -6.29702 -6.37025 -15.79277
 21.01759 -10.97334 -3.50105  0.70333 -4.62765  14.22460 -7.86923
-35.53286 -1.54899 -9.78315 -2.43586  1.48561  1.65946  39.28515
-7.25864  18.87156 -8.21307  7.14914 -28.28817 -3.22866 -31.50074
 5.31182 -4.68963  15.34720 -19.55243 -20.33355 -4.80120 -23.54691
-13.53880  3.16396  4.35151 -2.27422  25.14813  15.61985  6.36889
 17.87353 -17.25699  24.77385  11.86111  10.91108 -20.50645 -7.86785
-7.25562  22.01352  32.62584  0.86737  22.00654 -9.51289  3.22729
-0.97602  7.87575  12.20748 -19.55482 -20.50484 -1.65689  10.98171
 8.45094  0.02206  7.49432  21.12377  3.12600  6.37146  9.50977
-10.39862  6.30525  1.21113 -22.85853 -3.15718 -12.47810 -9.33979
-19.82558 -7.83222  21.63226  2.43633  10.91108 -11.08167 -20.43422
 8.45045 -6.26087 -14.49527  8.55944 -18.83447  9.51264  15.62277
 11.59091 -25.11074 -33.34581  7.14914  3.12775  3.05453 -6.36800
 2.16775 -21.96909  4.35273 -0.86738  21.97556 -3.05332  15.79295
-29.24789 -10.97334 -16.06742  0.70333 -4.62765  26.79097 -1.58604
 21.01580 -1.54899  9.06640  10.13051 -4.79758 -10.90691  1.58604
-13.54183 -15.68596  4.35330  25.99870  12.55253 -0.08706 -22.07596
 5.31075 -18.82719  4.35151 -2.27422  15.72335 -37.78722 -15.62226
 2.16804  7.87621  2.78214  6.98652 -10.91083  14.22460  10.98033
 39.86741 -3.11940 -20.77840 -10.29142  3.15623  6.37071  6.19845
-29.24870  11.01756 -28.63145  0.70347 -20.33474 -7.76596  7.84022
 5.30868  11.01777  9.06713 -6.98647  7.93993  10.90636 -7.83829
-22.96476  11.01829 -3.50018 -21.28637  1.48610  14.22545  1.58507
-19.82407  4.73458 -0.35765  27.57105  4.79833 -7.94320 -17.26306
 30.44091  0.02296 -11.35377 -24.26372 -18.83415 -0.08823 -6.19823
 14.73467  15.73016  4.35435  8.55813  3.15623  0.08752 -6.36792
-4.11647  22.01361  4.35417  5.41698  3.12806 -15.61968  9.50964
-7.25820  15.73092 -5.07058 -17.98053  22.00655 -3.22982 -3.05663
 30.44142 -4.69019  15.35031  5.57990 -7.76804  14.04795  1.58649
-0.97278  0.02176 -1.93050  0.86660 -3.15744 -3.23055  6.19747
-22.96603  6.30565 -5.07061  2.27539 -22.00468  6.37147 -21.90629
 21.01754  1.59352  2.78300 -15.00319 -7.93868  4.80067  17.29303
 33.58391  11.01829 -25.49133 -18.14478  17.19407  7.94226 -1.55652
-4.11520 -17.25604 -6.64177 -18.14478  1.48610  29.93341  14.15144
-13.54138  3.16455  4.35420  4.01062  12.58178  21.90292  12.65133
-22.96551 -10.97358 -0.35712 -8.72131  23.64756 -4.62437  14.12340
-32.39094  15.73092 -11.35377  19.71858  15.72337  3.05337  15.79292
-7.25820 -12.54341 -1.92899  10.29380 -3.12619 -6.37141 -21.90619
 2.16723 -7.83199  31.05881 -21.28768  1.65641  23.64997 -7.86775
 5.30817 -9.40182 -8.21217  10.29380 -18.83415  21.90292 -18.76460
-32.39094  0.02296 -5.07058  0.86902  6.29859  12.47815 -6.19823
-10.39966 -25.11028  10.63735  24.26654 -18.86309  25.22103 -12.48151
-4.11489 -21.96896  20.06231  5.41654  12.58101  18.93708  9.34004
 11.59359  0.02176  20.06064  10.29138  12.55052 -3.23055  15.62225
-22.96444 -3.11940  7.49594 -25.99939  6.29782  25.22026  28.18960
-26.10775  22.01410  20.06216 -5.41416 -40.82530 -22.07937 -3.05663
-4.11647 -3.11913  20.06213 -4.00780  12.55283  3.22988  6.36804
 5.31040 -12.54461  4.35268 -17.98295 -22.00700 -3.23055 -37.78483
 2.16830 -3.11940  4.35435 -4.00824  15.72260 -6.19566 -0.08474
-19.82345  4.73490 -22.35118  2.43860  4.62700  20.33249  10.97980
 2.16799  26.72626 -9.78337  3.84637 -7.93868  11.08386  4.72666
-4.11635  4.73405 -22.34956  10.12675 -36.21322  14.22402  1.58493
 21.01963  0.02240  10.63645  39.97330  18.86578  9.51565  3.05472
 5.30632 -36.10589  15.34963  21.28515 -4.79782  4.62466  7.83999
-0.97686  14.15960  24.77440 -0.70600 -20.50579 -1.65852 -7.86797
-10.40062 -15.68599  1.21150  2.27397 -0.01493 -15.62073  25.21707
 11.59154  7.87522  31.05715 -10.12796 -23.47800  20.33400  11.01004
 5.30835 -7.83275  24.77397 -28.97752 -14.05322 -26.78989 -4.69792
 17.87480 -6.26068  7.49435  32.28357 -25.11883 -6.37170  0.08542
 2.16684  1.59245 -9.78319  22.69312  4.62749 -1.48394 -20.40622
-13.54323 -17.25633  24.77440 -6.98918  4.62695  23.47422  23.54795
 24.15651 -12.54516 -30.20299 -14.84211 -6.29815 -3.22832  21.90653
 2.16968  11.01803  5.92396  10.12790 -23.47512 -1.47965  10.97944
-26.10750 -15.68546  26.34391  19.71720  28.28825 -3.23010  15.79338
-22.96699  6.30516 -1.93009 -0.86762  6.26826  0.08723 -18.76523
-29.25018 -21.96918 -5.07169  14.84034  6.26826 -21.90392 -6.19886
 14.73644  0.02240 -1.92992 -4.00900  31.43215 -3.05072 -28.36120
 8.45286  11.01803 -47.48312  13.26949 -14.05034  4.80353  1.55467
-7.25802  7.87522  12.20760 -3.84478 -4.62844  45.46674 -1.55633
 8.45002 -1.54914  9.06637 -2.43963 -4.79729  1.65765 -4.69825
-26.10960  45.57552  18.49122 -6.98918 -7.93942  10.90785 -1.58479
 2.16684  4.73405 -0.35841  13.26834 -1.65570 -23.47509 -14.12303
-16.67988  23.58440  2.78237 -5.58007 -26.61671 -7.76284  1.55467
-19.82642  14.15960  15.34963  21.28515  7.76855  4.62466  1.55680
-10.39953  14.15883  24.77433  19.55152 -11.08048 -26.61668 -4.69825
 17.87333  6.30440  13.77931 -2.27574 -31.43089  3.05486  9.34016
 17.87480  0.02251  20.06072 -24.26509 -18.83564 -18.93807 -25.04732
 17.87269  1.59323 -25.49108  18.14356 -1.65623  4.62466  10.98158
-19.82642 -14.11474  18.49122 -6.98918 -23.64738  14.04944  1.55680
-0.97686 -4.68996 -6.64152 -13.27237  10.91014 -14.22489  10.98158
-26.10897  6.30440 -14.49503 -17.98371 -15.72293 -3.22832  6.19857
 14.73321 -1.54914 -12.92478  6.98515 -7.93888 -17.19191 -7.83985
 43.00746  7.87522 -0.35878  21.28796 -10.91163 -4.79874 -14.12270
 11.59018  26.72558  12.20726  8.71912 -10.91112 -23.64817 -14.12350
-16.68398 -6.26054 -1.92924  33.68818 -6.26736 -15.62029  9.34080
 8.45431 -25.11090  4.35201 -7.14995 -6.29903  25.22207 -12.47962
-10.39715 -7.83151 -12.92489  22.69268 -42.32525 -7.76359  17.26315
