 1.20503  0.94808  1.11590  1.18872 -0.20634 -0.74925  0.20569
-0.24517 -1.05329 -1.14997 -1.41270 -0.06042 -1.51874  0.28934
-0.21724  1.30728  0.15235 -0.51969  0.39752 -0.97300 -1.25662
-0.80232  1.48361  1.27240 -0.06905 -0.13511  0.80661 -0.36563
-1.35940 -1.23326  0.32206  1.34306 -0.54294 -0.62897 -0.07754
-0.56859 -0.50768  1.49308 -1.52383  1.11357 -0.95354  0.36341
-0.06799  0.87256 -1.43841 -0.76861  0.71304  0.95462  0.38427
-1.51912 -1.40649  1.05868  1.34795 -1.00607  0.19184 -0.11991
 0.10247  0.89470  0.56623 -1.26393 -0.18595  0.81901  1.47009
-0.27276  1.35458 -1.10100 -0.46701  0.02613  0.11391  1.05867
 0.10722 -1.41507  0.21618 -1.03380  1.01058  0.36154 -0.76895
-0.84265 -1.55453 -0.90756  0.81408 -1.05848  0.98428  1.11604
-1.20804 -1.23864  0.59680  0.74524  0.89903  0.39086 -1.23246
-1.17798 -0.87962 -0.13402  1.54271  1.46120 -0.83271 -1.07614
 0.03070 -1.29487 -0.64378 -1.00565 -1.20266  1.28340 -1.37817
 1.19281 -0.37130  0.24434  0.68855 -0.03251  0.50754  0.24460
 1.32502 -0.01828  1.46736 -0.29268 -0.75371 -1.38238 -1.38650
-1.46739  1.50193 -0.57263 -0.82447 -0.81894 -0.71114  0.68812
 0.69765  0.60299 -0.37352 -0.15337 -1.26095 -0.77632 -0.02251
 1.47061  1.12284 -0.53102 -0.81696 -1.46072  1.16983  1.51562
-0.32044  1.19434  0.80641 -0.92556 -1.38380 -0.35928  0.34158
-0.75618 -0.90526 -1.25042 -1.20625 -0.77204  0.50462 -1.17247
 1.36112 -0.66699 -0.24910  1.51116 -0.72917  0.99469  1.22343
-1.10117 -1.56988  0.88304  1.30301  0.11843  1.47000  1.17713
-1.51998 -1.32689 -1.23930  0.53478 -0.13171  1.22484  1.35106
-1.25023  0.46023 -0.17581 -0.39768  0.91155  1.14107  0.15175
 0.34491 -0.06560  0.70209 -1.20770 -0.90227  1.07111 -0.61628
-0.90716 -0.74324 -0.04984 -0.88638 -1.14546  0.02988  1.08455
-0.74429  1.40592 -0.52278 -0.48531  0.57443 -0.37446  0.87433
 0.73424 -0.29267 -1.29535 -1.34129 -0.80088  0.37584 -0.20898
-1.17003 -0.19434  0.73692  0.52420 -1.34308  1.50530 -0.68789
 1.48477 -0.28844 -1.14547  0.52758 -0.13616 -1.15768  1.25360
-0.64105 -0.39910 -0.75052  1.12203 -1.03957 -1.04224  1.02615
-0.19655 -0.60513 -0.37511  0.72087 -0.54692  0.29469 -0.44824
-0.07332 -0.79058 -0.46892  0.24999  0.86834  0.72456 -1.11618
 0.50503  1.06826 -1.39969 -1.16234  1.22320  1.03577  1.28586
-0.47935 -1.01317  0.42174  0.60693 -0.96840 -1.51573  0.67705
 0.68624 -0.10612  0.55416 -1.09094 -0.11513 -0.15890  0.57231
 0.13025  1.32363  0.24634 -0.26858  0.94427 -0.22287 -0.29871
-1.46196  0.91218 -0.35386 -0.22673  0.09334  0.62802 -0.69838
-0.13268 -0.95604  0.89477 -0.70636 -0.90125  1.07896 -0.33464
-1.00586 -0.28027 -0.84329 -0.73465 -0.53637  0.69774  0.95852
 0.04466  1.43062 -0.22729  0.63415 -0.91251 -1.11766 -0.64062
 1.40672 -0.90700  0.97548  0.82941 -0.46736  0.23268  0.01344
 0.52476 -1.52476 -1.32992  0.37665 -0.23748  0.39441 -0.46062
-1.33990  0.29099  0.78377 -0.33138 -0.07048 -0.94439  1.12960
-1.41741  1.15606 -0.82592 -1.26000  0.72923 -0.85645  0.74497
 0.39447  0.66705 -0.41823  1.04151  0.70369  1.09674 -1.17028
-0.54233  1.33297 -0.50529  1.46197  0.80272 -0.70242  0.53991
-0.87359  1.24637  0.17234  0.26880 -0.06331 -1.30337 -0.99510
 0.99781 -0.83840  0.39541  0.49402  0.98174 -1.36209  0.44848
-0.22636  0.63956 -0.49255 -0.65502  1.37825  0.27351 -0.70294
-0.05247 -0.88481  1.35383 -0.59645 -1.47138 -0.63011  0.34175
-0.38728  1.10886 -0.28312 -0.91566  0.86599  1.48159 -0.69523
-0.48769 -0.87553  1.45430 -1.30791 -0.97478 -1.18775 -0.25008
 1.02897  0.61251  0.29503 -0.60804 -0.32922  0.41374 -1.02304
-0.91706  0.51694 -0.36748  0.53873  0.02197  0.84609  0.34932
-0.13014  0.16364  0.43246  1.16499  0.00894 -0.49047 -0.38777
-1.34062 -0.61959 -0.14371  1.49726  1.11984  1.25217 -0.50636
-0.69795  1.27874 -0.21019 -0.18336 -0.52980  1.44863 -0.98918
 0.44300 -0.82660 -1.24077  0.04052  1.16247  0.20581  0.08976
 0.78099  1.55339  0.49778  0.04222 -0.63634 -0.15630 -1.30499
 0.75602  1.39879 -1.14998 -1.30243  0.48577  0.01092 -1.16176
 1.45706 -0.38197 -1.08360  0.89252 -0.00147 -1.55275 -0.38569
-0.19316 -0.02965 -1.02576  0.23899  0.90613 -0.08377  0.69222
 1.36737  1.29333 -1.40086 -1.10758  0.40195 -0.40993 -1.18550
 0.76246 -0.95993  1.01751 -0.12436  0.76392  1.05850 -0.77848
-0.71750  0.34619 -0.18349  0.87610 -1.37381 -1.51903  0.56607
 0.40918  0.55586  0.73431 -1.33147 -1.09155 -0.77023  0.58812
-1.22425 -0.38407  0.73650  0.08430  0.02403 -0.71493 -0.84405
 0.62275 -1.05227 -1.48925  0.52625  0.75485  1.01581 -0.87889
-1.18270 -1.47413  0.27909  1.21221 -0.53584 -0.88236  0.08074
-1.39044  0.25906  0.68722  0.31437 -0.73409  0.63785  0.75279
 0.83290 -0.50236  0.44956  0.77791  0.01766 -1.48874 -0.84249
 0.64146  0.89186  1.13371 -0.04966 -0.86442 -0.92115 -1.01375
 0.72752  0.31345  1.08152  1.47340 -1.35259 -1.43111  0.93830
 0.42504 -0.85373 -1.06505 -0.99545 -0.20371  0.82585 -0.34816
 0.71425 -1.19523 -0.69037 -1.01436  1.53807 -0.40268 -0.77238
-1.22531  1.41137 -1.36653 -0.58415 -0.77672 -1.03189  0.21246
-1.05238  1.35638 -0.51485  0.68832 -0.11386 -0.94898  0.10845
-0.24047  1.04541  1.45320 -0.83701 -0.29904 -1.29997 -1.54708
 0.79283 -1.51954 -1.55269  0.44244  0.46681 -0.47877 -1.24223
-0.47472  0.61983 -1.08197  1.00854 -1.50029  0.02094 -1.47332
 1.13045  0.05606 -0.45910  0.22579  1.37912  0.44451 -1.52724
 1.30910 -0.45530 -1.43564  1.47948  0.14967  0.65074 -1.21541
-0.75504  1.45022 -0.58020  1.13235  1.28927  0.03548  1.34953
-1.18728  1.27984 -1.15664  1.20047  0.88540 -0.56171 -1.51144
-0.86667  0.46293 -1.16732  0.36784 -0.49574 -0.70194 -0.85067
-0.08404  1.43879 -0.63775  0.29081 -0.83440 -1.17016  0.07813
 0.44266 -0.68516  0.39243 -0.65597  0.43229  1.04444  0.52205
 0.75463 -1.27183 -0.73071 -0.91260  1.47813 -0.27779 -1.01946
-0.76992  0.61759 -1.15669 -0.62042  0.53998 -1.35013  0.43313
 0.02224 -0.59478 -0.58236 -1.00964 -0.26742 -0.68929  0.39418
-0.21375 -0.34635  0.38390 -0.31247 -0.51320 -0.91203 -1.56870
-0.45531  1.40268  1.20056 -0.74373 -0.05357  0.32550 -0.25706
 0.25052  0.11001 -1.20052 -0.44473 -0.02960  0.80218 -0.44241
 0.92995  0.82367  1.51603 -1.10180  0.93599  0.96033 -0.04961
 0.82752 -1.22214  1.08133 -0.54347 -0.84421 -1.48149 -1.47556
-0.24171 -1.28425 -1.45160 -0.53554  0.54583  1.38872 -0.55898
-1.37535 -0.36021 -1.42300  1.34451  0.07999 -1.07266 -0.44254
