-2.24805
-2.46384
-2.07434
-1.93727
-1.97549
-1.99995
-1.87329
-2.02981
-2.31617
-1.77950
-1.80615
-1.64081
-2.00709
-1.96342
-1.68896
-1.54224
-2.33858
-2.19654
-2.30062
-2.07630
-2.26602
-2.72205
-1.99342
-1.75967
-2.19536
-2.03258
-2.29756
-2.27023
-2.09717
-2.44292
-2.26798
-2.12795
-2.15559
-1.52918
-2.04933
-2.66870
-1.69817
-1.96774
-2.40484
-1.79235
-1.96925
-2.15974
-1.88424
-2.20336
-2.00860
-1.52667
-2.21880
-2.47504
-1.99097
-2.40633
-1.77083
-1.67742
-1.83094
-2.20625
-2.00517
-2.06814
-2.39203
-2.08134
-2.34669
-1.64591
-1.80387
-1.57853
-2.06994
-1.90424
-2.04030
-2.16622
-2.26035
-2.38885
-2.14563
-1.63452
-2.06366
-1.99520
-2.11656
-2.05772
-1.87125
-2.05238
-1.87526
-2.35877
-1.69274
-1.99779
-2.13136
-2.22635
-2.14988
-2.26151
-1.90962
-1.50405
-1.82989
-1.81570
-2.16157
-2.67935
-2.13790
-2.07882
-2.15523
-1.93716
-1.98479
-2.42062
-1.94685
-2.07771
-2.13600
-1.80254
