-2.16510
-1.71756
-1.79390
-2.24866
-2.37071
-1.39306
-1.69440
-2.37406
-2.10785
-1.81402
-2.02062
-2.03115
-2.38052
-1.44263
-2.03231
-1.70690
-2.08463
-1.37412
-1.74875
-1.57801
-2.13153
-1.79461
-1.63606
-1.74292
-1.56690
-1.70135
-2.04399
-2.25491
-2.42949
-2.11261
-1.57980
-2.12878
-1.76349
-1.99893
-1.79438
-1.78734
-1.57450
-1.86281
-1.64127
-1.63024
-1.91716
-1.53183
-1.53665
-1.68965
-2.23840
-1.70488
-2.10257
-1.38096
-1.68213
-2.16947
-2.12906
-2.08703
-2.12540
-2.40415
-2.02239
-1.45732
-2.16879
-1.67293
-2.03954
-1.50608
-2.16252
-2.05338
-1.51420
-2.01781
-2.22978
-2.39374
-1.84701
-1.77274
-1.47873
-1.52457
-2.31524
-1.81044
-2.21151
-2.21523
-2.17009
-2.09571
-2.38392
-1.95689
-2.13179
-2.22259
-2.17444
-1.64912
-1.78680
-1.83878
-1.49243
-2.10080
-1.94465
-1.75079
-1.65348
-2.08536
-1.61411
-2.09810
-2.74059
-2.12571
-1.48229
-2.28426
-2.19189
-2.37047
-1.96735
-2.14701
