 3.11908  8.63817 -2.74197 -3.37349 -9.28287 -3.05449  3.09154
 3.11907  14.92135 -16.10765 -9.19291 -2.99966  9.33765 -3.09150
 3.16411  2.35494 -22.39080  2.90970 -3.28355 -3.05445 -3.19170
 3.16408  8.63818 -2.74196 -3.37346 -2.99967  3.05451 -3.19164
-3.16411  2.35493 -3.54131 -2.90964  2.99960  3.05447  3.09150
 3.11907  2.35488  15.30828 -3.37354 -2.99958  3.05440  3.09148
 9.40225  2.35500  2.74194 -9.65662 -3.28351 -9.33768 -3.09153
-3.11905 -3.92826 -2.74190  2.90967  2.99959 -3.22876  3.19170
 9.40226  2.35493 -3.54131 -2.90964 -9.56677  3.05447  3.09150
 3.11906  2.35500 -22.39080  2.90975 -3.28351  3.22869 -3.09153
 9.40226 -10.21138  9.02511  3.37346  3.28349 -3.05448  3.09154
 3.11908 -3.92823  3.54126 -2.90971 -3.28353 -9.33768 -3.09151
 3.16410  2.35490 -3.54133 -2.90967 -3.28356 -3.05447 -3.19165
 3.16409  8.63818 -15.30835  9.19289 -9.28285 -3.05447 -3.19166
 3.16411  2.35494 -9.82443 -9.65667 -3.28355  9.51192 -3.19170
 3.11906  8.63818 -2.74197  9.19291 -2.99966 -9.51187  3.09152
 3.16414  2.35488  15.30828  9.19288  3.28358  3.22871  3.19168
-3.16409 -3.92830 -2.74188  2.90966 -3.28357 -3.05443  3.09150
 3.11905  2.35496  2.74194  2.90973  2.99967  3.05449  3.09153
 3.11905  14.92130  2.74194  2.90970 -3.28355 -3.05445  3.09150
 3.16410  2.35491 -3.54130 -2.90965 -9.56672 -3.22868  3.19164
 3.11907  2.35498 -3.54128  3.37346 -2.99966 -3.22872 -3.09150
 3.16412  8.63809 -15.30825  2.90966  9.28280 -15.62080 -3.19170
-3.11905 -3.92826 -2.74190 -9.65670 -9.56678 -3.22876  3.19170
 3.11907 -16.49468  3.54132  15.93993  9.56678 -3.22879 -3.09148
-3.16409  2.35492  2.74192 -3.37350  3.28355  9.51190  3.09152
 3.16414  8.63811 -2.74190 -9.65670 -9.56678 -3.22876  3.19170
 3.16411 -10.21141  9.02511  3.37345  3.28353  3.22872  3.19167
 3.16413  8.63804 -9.02503  3.37353  3.28358  3.22870  3.19166
 3.16414 -3.92826 -2.74190 -9.65670 -9.56678 -3.22876  3.19170
 3.16413 -10.21146 -3.54132 -2.90964 -3.28359  3.22876 -9.37468
 3.16413  2.35492  2.74191 -3.37351 -2.99959 -3.22874  3.19168
 3.11907 -3.92831 -2.74187 -3.37354 -2.99957  3.05442  3.09146
 3.11908  14.92134 -3.54122  3.37344 -9.28288  9.51189  3.09155
 3.16408  8.63810 -2.74190  2.90966  15.56597 -9.51194 -3.19169
 3.11908  27.48771 -3.54122 -9.19293  3.28349 -3.05448  3.09155
 3.11904  2.35492  2.74188 -3.37354 -9.28279 -9.33762 -3.09147
 3.16413  2.35491  2.74194 -9.65666 -9.56668 -3.22870  3.19166
 3.11908  2.35497 -3.54122  3.37344  3.28349 -3.05448  3.09155
 3.16409 -3.92823 -2.74192  2.90964 -3.28360  9.51195 -3.19170
 3.16410  2.35491 -16.10768  3.37351 -2.99959 -3.22873  3.19168
-3.11907 -3.92824 -9.02511 -2.90971 -15.84990  9.51189  9.37472
 3.11908  8.63807 -2.74189 -3.37351 -2.99959 -3.22875 -3.09150
 3.16409  14.92127 -3.54131 -2.90967 -9.56678 -3.22875  3.19165
 3.11907 -16.49461 -2.74193 -3.37348  3.28357 -3.05445  3.09152
-3.16411  8.63807  9.82448 -3.37351 -15.56596  9.33762 -3.09150
-3.11907 -3.92824  3.54132  15.93988  9.56677 -3.22875  3.19167
 3.16415  14.92131 -9.82442  2.90975  9.28288 -9.33766  3.19166
 3.11913  14.92129  2.74195 -9.65663  21.84921 -3.05449  3.09154
 3.11908  2.35498 -9.82441 -3.37344 -15.56606 -3.22867 -3.09153
 3.11909 -10.21143  2.74193  2.90969 -9.56672  3.05447  3.09152
 3.11909  2.35498 -9.82445  9.19288  9.56670  3.05448  3.09154
 3.16411  14.92136 -9.82441 -15.93984 -2.99968 -3.22870  3.19166
 3.16408  8.63813 -2.74195  2.90969  2.99961 -3.22875  3.19168
 3.11906 -3.92822 -2.74193 -9.65671 -3.28356 -9.33764 -3.09151
 3.11903  14.92128 -3.54130 -2.90967 -3.28357 -3.05446  3.09149
 3.11904  2.35492  9.02508 -9.19285  9.56677 -3.22873 -3.09149
 3.11906  14.92131  2.74189 -3.37352  3.28358 -3.05445  3.09150
 3.11902  8.63815 -2.74194  2.90968  2.99960  9.33762 -3.09149
 3.16415  8.63812  3.54131 -15.47604  2.99961 -3.22874  3.19170
 3.11908 -16.49462  3.54133  3.37355  3.28359  9.51194  3.09148
 3.11902  8.63815 -2.74191  15.47602  9.28274 -3.05442  3.09148
 3.11913  2.35492  2.74195  15.47612  9.28284 -3.05449  3.09154
 3.11904 -10.21146  9.02508  3.37353  9.56677 -3.22873 -3.09149
 3.16412  2.35489 -22.39090 -9.65675  9.28276  3.22875  3.19172
 3.16407  8.63813  16.10759  9.65661  2.99969  3.05453  9.37475
 3.11912  8.63817  9.82439  21.75931 -9.28289 -3.05451  3.09159
 3.11905  2.35489 -9.82448 -3.37354 -2.99961  3.05443  3.09147
 3.16410 -3.92827 -9.02510  3.37348 -9.28282  3.22871  3.19165
 3.11912 -3.92820 -15.30835 -3.37343 -9.28289 -3.05451  3.09159
 3.16410 -3.92823 -2.74194  9.19287 -2.99966 -9.51185 -3.19162
 3.11906  2.35492  2.74184  15.47599 -9.56682 -3.22880 -3.09146
 3.11907  8.63815 -15.30829  2.90973 -3.28352 -3.05446  3.09150
 3.16411 -3.92819  3.54121 -2.90975 -3.28352 -3.05448 -3.19166
 3.16411  8.63815  9.82446 -9.65666  2.99969 -3.22868  3.19165
 3.11905  8.63810  3.54132  15.93987 -9.28281 -3.05446  3.09148
 3.16410  2.35489  2.74187  9.19284 -2.99961 -9.51194 -3.19172
 3.16409  2.35490  2.74193 -3.37350  9.56673 -3.22873  3.19164
 3.16410  8.63810  3.54127  3.37348  3.28355  3.22871  3.19165
 3.16415  2.35492  2.74186  15.47601  2.99957 -3.22879  3.19172
 3.11908  2.35494 -3.54131 -2.90964  9.28280 -3.05445  3.09151
 3.16411  8.63815  9.82446 -9.65666 -9.56668 -3.22868  3.19165
 3.16410 -3.92822  3.54123  9.65663 -15.84990  3.22871  3.19167
 3.16411  2.35494  9.02512 -2.90967  9.28285 -9.33768  3.19164
 3.11909  2.35499 -3.54127  3.37348 -2.99965 -3.22869 -3.09148
 3.11905  14.92126  2.74189 -3.37354  9.56676  3.05443  3.09147
 3.11909  14.92136  9.02510 -9.19289  9.56672 -3.22869 -3.09148
 3.11907  14.92133 -3.54128 -2.90969  2.99963 -3.22873 -3.09152
 3.16412  8.63813 -2.74189  2.90972 -3.28355 -3.05444 -3.19172
 3.16412  8.63810 -2.74192  9.19288 -9.28282  3.22871  3.19168
 3.11905 -3.92827  3.54132  3.37350 -9.28281 -3.05446  3.09148
 3.11908  8.63813  3.54123 -2.90974  2.99966  3.05451  3.09155
 3.16410 -10.21148  2.74187  9.19284 -2.99961 -9.51194 -3.19172
 3.16415  2.35492  2.74186  2.90964 -9.56680 -3.22879  3.19172
-3.11907 -3.92826  9.82449 -3.37353 -2.99962  9.33765 -9.37468
 3.16409  2.35491  2.74190  15.47604 -3.28354 -15.62086 -3.19166
 3.11910  2.35488  9.02503 -2.90964  9.28276 -3.05443  3.09150
 3.11906  2.35492 -16.10762  3.37349  3.28354 -9.33766 -3.09149
 3.16405 -3.92822 -15.30832 -3.37348 -2.99962 -3.22873  3.19166
 3.11909 -3.92822  3.54124 -2.90974  9.28287 -9.33770 -3.09152
