-2.10446
-2.27810
-2.10509
-2.33428
-2.16295
-2.30315
-2.09061
-2.22358
-2.08711
-1.96767
-2.13832
-2.20883
-1.94362
-2.44089
-2.24564
-2.04649
-1.99474
-2.11606
-2.29160
-1.85926
-2.08359
-2.17180
-2.26813
-2.07996
-2.29190
-2.12507
-2.24400
-2.27710
-2.14185
-2.19506
-2.18904
-2.15219
-2.19377
-1.94680
-2.06336
-1.98076
-2.01574
-2.18123
-2.29339
-2.08405
-2.01000
-2.11855
-1.91364
-1.92566
-2.28632
-2.15751
-2.27267
-2.02087
-2.22411
-2.12421
-2.11727
-2.33989
-1.98039
-2.16471
-2.23267
-1.88685
-2.19700
-2.09668
-2.16367
-2.30107
-2.35971
-1.95491
-2.12547
-2.24349
-2.08086
-1.86751
-2.04353
-2.12865
-2.31110
-2.03656
-2.18183
-2.14979
-2.12228
-2.26230
-2.19462
-1.97856
-2.15060
-1.90791
-2.37875
-2.14518
-2.22149
-2.00647
-2.09197
-2.09558
-2.26531
-2.04803
-2.05383
-2.30130
-2.16712
-2.23295
-2.25201
-2.24979
-2.09165
-2.30743
-2.15890
-2.20230
-2.29760
-2.23157
-2.16071
-2.10510
