 1.02961  1.00804 -1.18825
-0.39417 -0.41349 -0.91066
-0.19486 -0.96887 -1.34866
 1.52511 -1.11271  0.21450
 0.66977 -1.14683  1.29715
-1.14680  0.23753  1.47856
-0.59123 -1.56186  0.36860
-0.03598 -0.60384  0.53070
 1.21822  0.96353 -0.14821
 0.80992  0.68444 -1.36597
 1.10996 -0.38933 -1.13350
-1.13764  0.20764 -0.51389
-0.09323 -1.51287 -0.60064
-0.80752 -0.17885  0.65122
-0.48229  1.17309  0.90858
-1.05197 -0.44184  1.44841
 0.36260 -0.00001  0.96789
-0.80843 -0.13779 -1.39605
 0.06461 -0.66800  0.80211
 0.58430 -0.10920 -0.43067
 0.29039  0.41186 -1.17383
 0.34955  0.33247  0.90429
 1.37819 -0.42577 -0.68063
 0.64191  1.10533 -0.01534
-0.11059  1.28896 -1.17127
-1.48780  0.05379 -0.57015
-0.90428  0.32483  1.08388
 1.27889 -1.33067  0.10970
-0.74828 -1.15770  1.01904
 1.23979 -0.17952 -0.72543
-1.15897 -0.88490 -0.04637
-0.43780 -1.42246 -0.71319
 1.28041 -0.06765  1.00279
 0.39796 -1.46756  0.88435
-1.39425 -1.22560  1.50047
 1.47815 -0.19137  0.34635
-1.26342  1.25777 -0.55451
 1.08696 -0.27027  0.14324
-0.27505  1.40018 -0.61967
-0.79121 -0.88663 -1.18284
-0.56940 -0.12702  1.41338
 0.42155  1.43295  0.03737
-0.42799 -1.43888  0.82875
 0.12490 -0.57185  1.42996
 1.27335 -1.28038 -0.03177
-0.43166 -1.05324 -0.59373
-0.78094 -0.67528  0.33516
-1.06810  0.60440 -1.48281
-0.88598 -1.43963  0.49196
-0.21371  0.09597  0.11989
 0.24077 -1.50503 -1.31224
 1.01344 -0.02877  1.53357
-0.84485 -0.75757 -0.62556
 1.52391 -1.50823 -1.52430
 0.06874 -0.28028 -1.07250
-0.39220  1.26876 -0.14746
 0.51081  0.91178 -0.05286
-1.06172 -0.14307 -1.50635
 1.29910  0.87941 -0.18260
 0.45685  0.31894 -1.15226
-0.70204  0.27622  0.39917
-0.40775 -1.02053 -1.32473
-1.31937  0.44921  0.38699
-0.11609  0.07594  1.07070
 1.56241 -1.50299 -1.42153
-0.93182 -1.25221 -0.92271
 0.00984  1.13624 -0.48976
-1.29510 -0.59114  0.87355
-0.50255  0.87210  1.56190
 1.36951 -0.64300  1.20677
-0.17336 -0.19817  1.09501
-0.96299 -0.35628  0.55359
 1.01605  0.76961 -1.07494
-0.59428 -0.51122  0.62544
 0.13586 -0.46351  1.47419
-0.33618 -0.22411  0.60797
 1.16295 -0.83407 -0.50820
-1.16074  0.38057  1.23774
 0.62256  0.85209 -0.78745
-1.55016 -1.29233  0.57271
 1.49097  1.37771 -1.49040
-0.81192 -0.78607 -0.86449
-0.76968  0.65235 -1.45104
 1.01916 -1.16277 -0.22445
-1.47029  1.42142  1.48879
-0.02016 -1.27159 -1.36604
 0.67519  0.13991 -0.73473
-0.45690  0.94375  0.34406
 1.54013  0.25798  0.90812
-0.41250 -1.24840 -1.30459
 0.04717 -1.05520  1.14597
 0.55723 -0.59349 -1.05403
-1.43888 -1.11600  0.46596
-0.40520  0.13468  1.12436
 0.55439 -0.56447  0.94510
-0.12417  0.71535 -1.02284
 0.81023 -1.56680 -1.07140
 1.35040 -0.63307 -0.24970
 0.65595  0.77348 -1.34778
-1.31416  0.11067 -0.88730
