-1.05601  0.90608  0.15036  0.52276  0.44944 -1.35529  0.87532
 1.50550  1.52134  0.61204 -1.08079 -1.36359  0.61021  0.71250
 0.68781 -0.27028 -1.25514  0.24619  1.34998 -1.04660 -0.61856
-1.41902  1.05962 -0.87631  0.59266  0.57156  0.31602 -0.78991
 0.65413 -0.01678 -1.35613 -1.08880  0.61608  0.52805 -1.04054
-1.20594  0.70137 -0.97148 -0.41478  1.12486 -1.37281  0.26533
 1.40820  1.56403 -0.21371  0.14539  0.96899 -0.93762 -0.19455
-1.01546 -1.07255  0.89694 -0.67622 -0.54080 -0.59242 -0.61995
-0.96881 -0.38681  1.29370  1.19205  1.48577 -1.56499 -1.17816
-0.63290  1.28504  0.53603  1.17869  0.27441 -0.08934  0.07377
 0.37216  0.58565  0.48444 -1.43482  0.19763  0.28767 -0.08384
-0.65750  1.38296  0.39667 -0.45709  1.44189  0.06514 -0.70852
 0.86486  0.97966 -1.18354 -0.73747 -0.23624 -1.04196 -0.62227
 0.39729  0.47257 -1.20866 -0.42292 -1.31449 -1.27330  0.86812
-0.05315 -0.15490 -0.63068  0.85577  0.04098  0.48373  0.59559
 0.63647 -0.56477  0.74064 -1.28168 -0.19615 -0.77464 -1.45697
 1.12821 -0.70480 -1.52467 -1.31699 -1.54586 -0.57283 -0.82141
-1.43484 -0.03473 -0.42143  0.11877  1.33996 -0.71566  0.52257
 1.14334 -1.07604  0.12097  0.43628  0.01366 -0.08200  0.53091
-1.56772  1.53786  1.39375  0.50022  0.70853  0.39142  0.56875
-0.55904 -0.57919 -0.31984 -0.91042  0.17801  1.32044  0.08666
 0.89067  0.15292  0.68845 -1.41124 -1.25693  1.19311 -1.27130
 0.29336  1.08106 -0.97007  0.64938  0.86777  1.04934  0.54472
 1.01720 -1.02470 -1.00801  1.35628 -0.08407  0.46124 -1.31401
-0.81979 -0.39021  0.14439 -0.16644  0.79221  0.31797  1.38744
 1.32379  0.12872  0.71032  1.21453 -0.21056 -0.32069 -1.42471
-1.06818 -0.16712 -0.61152  1.39516  0.71874 -0.08914 -1.50771
-1.27753 -0.16736 -1.04581 -0.64352 -0.94309 -0.20828  0.23940
-0.06617  0.01597 -1.27976  1.10689  0.46010 -0.01047  0.59085
 0.67185  0.50666 -0.54081 -1.18946 -0.86558  0.47306  0.75170
-0.51721 -1.14919  1.30995  0.44550  1.22668 -0.63918 -1.36528
 1.23652  1.06036 -1.40662  0.31502 -1.14506  0.83039 -0.03369
 0.56012 -0.31027  0.04746  0.79335  1.10848 -1.12256  0.75262
 1.35529  1.53570  0.42053  0.77800 -0.42594  1.27158  0.57159
 0.24099 -1.47878  1.28716  0.37922  0.56843  0.23226  0.73881
-0.66251  0.27212  0.22762  0.28109 -0.80209 -0.15214 -1.33165
-0.54723  0.24455 -1.23280  0.39262  0.28442  1.00671  0.45862
 1.48213  1.02765 -1.22131  1.43080 -1.32893 -0.62333  0.42304
-0.05720 -0.90052 -1.47008  1.42510 -1.56994  0.94776  0.16899
 1.17101  1.20438  0.10746  0.33409  0.82978  0.78803 -0.17955
-1.06775  0.37030 -1.50098 -1.19073 -0.42245  0.20264  0.21960
 0.35217  0.04079 -0.70416 -0.41927  0.03090 -0.60391  1.20334
 1.11934  0.03956  0.46757  0.11579  1.56387 -0.17387  0.88435
-0.29567  1.20322  0.13910 -0.74572  1.01281  0.47576 -0.71408
 0.81662 -0.40288  1.49282 -0.92782 -0.58665  1.46879 -0.27781
 1.56995  0.57716  0.23449 -1.42913 -1.12409 -0.61294  0.63596
-0.12780 -0.87166 -0.99876  1.37473 -1.33876 -0.32483  0.70162
 0.55628 -1.26669  1.40215  1.00949 -1.48122  0.79493  0.95797
-1.37908  1.25960  0.77060  0.76639 -1.16708 -0.42550  0.16234
-0.19709  0.38587  0.37438 -0.60139  0.98518 -0.06719 -1.10994
 0.47683  0.95889 -0.35281  0.26881 -0.74586 -0.98727 -1.11236
-1.44407 -0.80126 -0.63740 -0.16067  0.88179 -0.01526 -0.32973
-0.36116  0.43074  0.77626 -1.21413 -0.03986  1.11330 -1.33564
-1.45986 -1.23460 -0.61545 -1.55182  0.43669  0.16188  1.18738
 1.52007  0.77010 -1.31117  0.60124  0.30088 -1.38178  0.14028
-1.21760 -0.65295  1.51890  0.60536 -1.00070 -0.78529  0.99118
-1.32019 -0.93145  0.79889 -0.62600 -0.74567 -1.44158 -0.26569
 0.68701  1.34009  0.62265  1.33686  0.24654 -0.62664  0.18225
 0.38594  0.74067 -0.85911 -1.36480 -0.18968 -0.00750  0.31340
 0.11419 -0.51553  1.45703 -0.52211 -0.78796 -0.25986  0.46531
 0.86014 -0.04732 -0.79910 -0.07636  0.37565 -1.37290  1.45775
-0.79285  0.23003 -0.91037  0.63977  1.05963 -1.13086 -0.59060
-0.54651 -1.05913  0.81325  1.20398 -0.48374 -0.13962  0.55993
-0.43048 -1.48245  0.79929 -0.68215 -0.74282 -0.73648  1.44840
-0.83152 -0.64951 -1.04018 -0.56335 -0.45065  0.05263  0.79273
-0.92933  0.51556  0.22748 -0.61785 -1.39827  1.28219 -1.56631
 0.91184  1.02907  1.19524 -0.64037 -0.03749 -0.37381  0.54620
-0.05670 -0.93956 -0.70499 -0.40211  0.98970  0.10422 -1.11799
-1.25481 -0.90235  0.12379 -0.33272  0.02747 -0.97631  1.25812
 0.78528 -0.31938  0.79472  0.35639 -0.90017  0.92509  0.44784
 0.76815 -0.48399  0.24158 -0.77500  0.28085 -1.17527  1.22575
-0.17640 -0.20044 -0.11062 -0.09813  1.52621 -0.74969  1.35878
 0.09051 -0.86311  1.11457  0.42075 -0.54697  0.61820 -0.21814
 1.34238 -0.27689  0.66211 -1.46560 -0.71279  1.17830 -0.23375
-1.44078 -0.93214 -0.86959  0.78596 -0.10031 -0.07258 -0.30929
 0.18169 -1.08332 -1.04658 -0.65587 -0.17199 -0.02577  1.47502
 1.11578 -0.37664  0.30605 -0.54520  0.20254  0.18723 -0.68166
-1.07134  1.13043  1.18936  0.81122  0.27242 -1.41021 -0.55108
 1.34935 -0.55965  0.47553  0.42935 -1.02999 -0.90479 -0.74199
-1.50976 -0.34178  0.24220  0.09752  0.83819  0.81766 -1.07595
 0.22992  0.47261 -0.52858  0.07242  0.39368  0.78973 -0.97432
 1.42000  0.13004  0.20648  1.37938  0.93582 -0.58805  1.32130
-0.41516 -0.97939  0.51029 -0.08175  0.03541  1.02474 -0.75738
-1.36492  0.84164  0.35625  1.43887 -0.27204  1.07243  0.98502
-0.96461 -0.34468 -1.34803  0.29928  0.19466 -1.27806 -1.26169
 0.77482  0.18664 -0.91685  0.81954  0.36996  0.88355  1.34203
 0.58134  0.59906  1.56013  1.50642  1.30830 -1.35627 -1.09734
-1.35352 -0.00921  0.86467 -0.42725  0.25136  0.01223 -1.30535
 1.45390  0.15827 -1.16667  0.92581  0.36865 -0.13355 -0.94949
 0.20449 -0.14316  0.25373 -0.05371 -0.60736  0.12425  0.09674
-0.18073 -1.26261 -0.90873 -0.36363  0.29752 -0.54189 -1.21899
-1.45978  0.11596 -1.54690  0.85594 -0.95963  1.54157  0.64205
 0.03940  1.26906 -0.99960  0.83000 -0.34777 -0.85228  0.60622
-0.41813 -0.94813 -0.54546  1.10588 -0.78850 -0.91106 -0.16485
 1.13708  1.31389 -0.99393  0.14737 -0.86241 -1.17633  1.10213
-1.20566  1.04782  0.71006  0.09778  1.53602 -0.46877 -1.22131
 0.11155 -0.15178  0.73016 -0.41908  0.57000 -1.25524 -0.71531
 1.34925 -0.15099 -0.18674  1.42613  0.89115  1.30037  0.79115
-0.17232 -0.53694 -0.55766 -0.40251 -0.24661  0.20980  1.06821
-0.97532  0.05510  1.48136  1.33978  1.53758 -1.18297  1.48953
