 0.60365
 0.59408
 0.59738
 0.59869
 0.59151
 0.57064
 0.60547
 0.61302
 0.58883
 0.59371
 0.62447
 0.58029
 0.61202
 0.61273
 0.59960
 0.60249
 0.59658
 0.55054
 0.59091
 0.58548
 0.57519
 0.59095
 0.61519
 0.59440
 0.58022
 0.57578
 0.60570
 0.58997
 0.60310
 0.60366
 0.59541
 0.58575
 0.57836
 0.59824
 0.60172
 0.60747
 0.60193
 0.59849
 0.60334
 0.60849
 0.60242
 0.60517
 0.57771
 0.57095
 0.59284
 0.60373
 0.61205
 0.60595
 0.60505
 0.57043
 0.57021
 0.58782
 0.59487
 0.60430
 0.59225
 0.59704
 0.58587
 0.58088
 0.56655
 0.61356
 0.58942
 0.61380
 0.60884
 0.57649
 0.60460
 0.59185
 0.57432
 0.61879
 0.60227
 0.60601
 0.59913
 0.59178
 0.57719
 0.58898
 0.61102
 0.58220
 0.55572
 0.59699
 0.58883
 0.60412
 0.61880
 0.60002
 0.58493
 0.58506
 0.58977
 0.60808
 0.59134
 0.60727
 0.58669
 0.57698
 0.57872
 0.62456
 0.58604
 0.60884
 0.57042
 0.59010
 0.58712
 0.59614
 0.58984
 0.58019
