 1.40984
-1.51009
-0.50636
 0.51688
-0.47219
 1.43038
 0.85097
 1.08941
 1.27607
-0.67642
-0.37901
 0.18357
-0.53370
 0.28434
-1.10848
 0.36230
-0.98284
-0.13982
 0.11374
 0.51845
 1.43377
 0.73892
-0.29885
 1.19098
-1.26551
-0.17471
-0.20012
-0.99689
-0.99813
-1.22589
-0.55780
 1.38271
-0.61262
 1.47301
 0.24410
 0.30629
-1.25711
 1.08488
-0.68288
 0.67473
-1.50269
-0.57469
 0.79522
 1.37124
 1.08249
 0.39318
 0.84443
-0.00454
-0.59760
 0.88607
-0.66773
-0.56406
-0.31683
-0.90101
 0.89770
-1.28659
 0.02375
 1.44859
 0.99931
 0.90981
 0.11590
-1.12970
-1.48298
-0.84582
-0.30607
-1.56138
-0.14775
-1.43503
 1.38761
 1.30349
 0.54325
-0.16319
-0.45217
 0.44458
-0.18917
 1.34977
 0.92169
 1.45493
-1.17013
 0.95039
-0.13664
 0.09222
-1.07908
-1.52700
 1.10149
 1.21976
 1.50713
 0.43241
 1.47728
 1.18055
-1.18288
-1.02636
 0.64902
-0.38022
 1.03430
-1.36356
 0.34248
-0.71710
-0.78941
 0.13694
