-0.86022  0.99852 -0.65268 -0.73024  0.34035  0.31910  1.56159
 1.22910  1.52956  1.39751 -0.98978  1.54674  0.44979  0.45225
 1.09591 -0.84257 -0.69924  1.26771  1.46913  0.97711  1.23920
-1.51559 -0.75961  0.21688  1.15543  0.15983 -1.00092  0.14856
-0.65456 -0.21013 -0.44736 -0.22985 -1.15797  1.40640  1.37863
 1.27174 -0.31675 -1.50224  0.53601  0.19008  0.06502 -0.95680
-1.30207  0.67860  0.15048  1.40450 -0.31365 -0.90174 -0.79637
-1.20456 -0.84527  0.78602 -0.12846 -1.26610  0.27860  1.03997
 0.00508 -0.08367  1.37294  1.00261  1.06605 -1.35821 -1.41433
-0.13415 -1.32283 -0.95225  0.14670 -1.04797 -0.58917 -0.32081
 1.24898  0.56546  1.29870  1.11617 -1.01080 -1.45829 -1.32620
 1.48487  1.42454  0.48029 -0.89309  0.20328 -1.31072 -1.16200
-0.16224 -1.10886 -1.03277 -1.03715 -1.36613  1.55092 -0.34792
-1.32919  0.51620 -1.00402  0.03447  1.21080 -0.83664 -0.99716
-0.64922  0.39114 -0.11324  1.48284  0.98093  1.03930  0.21285
-1.28257  0.29306 -0.78249  1.39791  1.12953  1.31678 -0.32908
 0.75333  1.32577  0.90662 -1.55913 -0.67512 -0.55016  0.73780
 0.58834  0.91965 -0.90783  0.63007 -0.40058  0.30980 -0.67257
-1.31270  0.89108  1.24186 -0.49069 -0.21583 -1.34533  1.47841
-1.49797 -1.20013  0.17122 -0.54907  1.22372  1.50490  1.09614
-0.17093  0.62444 -1.41650 -0.52863 -1.39988  0.00072 -0.17943
 1.22536 -0.88279 -0.44206 -0.79271  0.02760  0.15894 -0.50562
 0.09906  0.14717 -0.85697 -1.13115 -0.54712 -1.10427 -1.14549
-0.48761  0.23075 -0.84108 -0.69262  1.14191  1.01021  0.20997
 0.43661 -0.41883 -0.21396 -0.58322  0.15287  0.95437  0.07213
 0.86594 -1.17487 -0.49806  0.45282 -0.35636 -0.22724 -0.79970
 0.51997 -0.24257  0.31011 -0.22044  1.31446  0.46836 -1.05186
-0.92809 -0.68178 -0.65542  0.82137 -0.79609 -0.19537 -0.63981
 1.39247  0.81477 -1.08412 -0.88167 -1.46135 -0.59205 -0.56717
 0.59741  1.11734  0.26972 -1.16333  0.49147 -0.98929 -1.44603
 1.34856  0.87422  0.00667 -1.49196  0.05600 -0.58652  1.24210
 1.39368 -1.29228  1.22668  0.11258 -1.14733  1.10251 -1.11588
 1.43359  0.40499 -1.47054 -0.99180  0.94309 -0.14605 -0.66103
 0.21787  1.50877  1.15057  1.21692  1.03169 -0.95105 -1.40530
-0.12679  0.43175  0.70071  1.32569 -1.03318  0.59435  0.21057
 1.26731  0.22394  0.88426 -1.26197  1.20329 -0.56024  1.03220
-1.00195  0.69100  0.47591  0.92927 -1.34559  1.43266  0.43210
 0.85205 -0.80892 -0.28336  1.34172 -1.20455 -0.76534  0.23831
-0.79073  1.41114 -0.37318  0.41947 -0.74749  1.46242 -0.99880
 1.11859  0.68785 -0.61534  0.51852  0.19670 -0.05226  1.51619
-0.03122 -1.40173  1.29345 -0.87411  0.07981 -1.54325 -0.75233
-1.47077 -0.45302 -0.54736 -1.18178  0.63999 -0.48597 -1.46406
-1.22694 -0.27102 -0.55983  0.20142  1.20184  1.44450 -0.29935
 0.41588 -0.32503 -0.83524 -0.27691 -1.16191  0.24858 -1.05206
-1.25302  1.36795  0.67446 -1.10482 -0.61423  0.47520 -1.10249
 1.07851 -1.53265  0.19349  0.66796  1.31603 -1.04216 -0.59795
 1.23673  0.87167  0.23915  1.39154 -0.97705 -0.50933  0.91307
-0.12968 -0.79169  1.27347 -0.44557  0.03747 -0.83672 -0.27600
-0.58447 -0.13588  0.82679  1.16698  0.11121 -0.64595 -0.53457
 1.22116  0.28498  0.05995  1.04386  1.40123  0.27377  0.64201
 1.15479 -1.42589 -1.30204 -0.51617 -0.71730 -0.50911 -0.87218
 1.42143  0.06040  1.52041  0.03496  0.49101 -0.03272 -1.06247
-0.37945  1.55669 -1.55951  0.66250  1.56258 -0.37099 -1.12178
-1.51468 -0.69460  0.91501 -0.12356 -0.25077  1.39802 -0.94487
 0.15855 -0.67615 -1.52500  1.56054 -1.34145 -0.69269  0.76974
-0.99350 -0.25949  1.24888 -0.85879 -1.44722  1.30492 -1.52322
-0.63712  1.36081 -0.44833 -0.78651  0.89639  1.54658 -0.21205
-0.87426  0.21496  0.81404  0.07565 -1.22337 -1.15007 -1.44000
 1.11703 -0.32923  0.94940 -1.05628  0.11142  1.17542  0.21873
 1.52463  1.45338 -0.66296  0.78033 -0.03264  0.98281  1.05675
 0.75587  1.16857  0.46176  0.74989  0.66478  0.15071  1.22348
-0.23990 -0.86781  1.14111  0.61184 -1.08416  0.16609 -0.47470
-0.40790  1.45367 -0.90099 -0.04196  0.07542  0.26432 -1.41187
 0.09307 -1.47662 -0.83122 -0.93886 -0.04549  0.05933  0.43131
-0.31527 -1.19271  0.51519 -0.04000 -0.40806 -1.55159  0.70236
 0.40707 -0.10333 -0.46368  1.19775 -0.77542  0.66344  1.39014
 1.53785  0.99613 -1.16735 -0.87150 -0.36634  0.22869 -1.39908
 0.23364 -0.08624 -1.17092 -0.73571  0.00854 -0.28961  0.83436
-0.98277  0.04685  0.31834  0.60276  0.53620 -1.10413 -1.14218
 1.09755 -0.85015 -0.16266  0.24841 -1.40663  0.22297 -1.15452
 0.70358  1.19823  0.25619  1.41572  0.17997  1.29345  1.25644
-1.02958  1.51525  0.11907  0.98462 -0.91454  0.47048 -1.24875
 1.03918 -1.00532 -1.52336  0.27808 -1.23554 -1.31365 -0.45914
-1.24476  0.69960  1.18742 -0.85706 -0.41154  1.10228  0.71278
 0.15734  0.26185  0.71406 -1.19252  1.52879 -1.53177 -1.26974
-0.51879 -0.18928  0.81756  0.07187  0.76434  1.16576  0.56914
-1.16935  0.23675  1.14199 -0.06023 -1.10080 -0.60389 -0.64223
-1.35498  0.18351  0.67281  1.27520  0.62690 -0.27525 -1.14264
-1.12308  0.96260  1.37560  0.04064 -0.70457  0.68877 -0.49397
-0.04208 -0.58399  0.98034 -0.65037  0.04288  0.06203  0.45794
 0.75880 -0.16755 -0.41584 -1.34827  0.51434 -1.46547  0.53355
-0.75030  1.24974  0.78440 -1.17531 -0.57713  0.43522  1.50238
 0.81489  1.21657  0.37650  0.74017  0.30923 -1.38030 -0.28759
-0.77144 -0.71692 -1.49905 -0.90263  0.80198 -0.69706 -1.14189
 1.13892 -0.39154  0.05848 -1.23908 -1.42720  0.34750 -1.45469
-0.38199  0.80467  0.44091  0.04112 -0.17152  0.24544  1.56630
 0.15723  1.46350 -0.67123 -0.87818  1.15047 -1.04299 -1.51946
 0.97109  0.52188  1.24431  1.43260  1.16218 -1.47732  0.16901
 0.94304 -1.13196  0.42940  0.77726  0.74869  0.93454 -0.86543
 0.22885  1.18221  0.08943  0.06083 -0.02776 -0.59140 -1.18832
 0.60610  0.68684  0.34950  1.38702  0.03042 -0.91158 -0.09205
-0.35851 -1.56391 -1.33647 -0.17683  0.38054  0.38803  0.97757
-0.56438 -0.06571 -0.78431  1.03904 -0.13954 -0.37796  0.08341
-1.13200  0.22764 -1.56486  0.27281 -0.48802  1.50497 -0.84233
-0.27420 -0.36754  0.27655  1.13638  0.71529  0.70910 -1.00599
 1.03881  0.25398 -0.51817  0.81812  1.50075 -0.15290  0.34607
 0.89454 -1.14877 -1.40123  1.17905  0.20636 -1.11292  0.41116
 0.81031  1.02785  0.93482 -1.40089 -0.24362  0.16385  0.33487
 0.95971  1.01006  0.27091  0.53072 -0.15705  0.62135  0.11056
 0.13263  0.22961  1.29470  0.30217  0.41546 -0.63811  1.42559
