-2.06028
-2.03872
-2.09741
-1.97206
-2.03592
-2.02323
-1.98907
-2.04838
-1.91483
-2.09127
-2.04113
-1.97321
-2.03669
-1.98893
-1.98412
-2.03848
-2.10696
-2.00970
-2.01104
-2.08827
-2.04312
-2.08641
-2.00366
-2.03188
-2.14422
-2.09736
-2.08790
-2.15465
-2.00909
-1.97668
-1.93193
-2.02853
-1.99843
-2.07182
-2.11074
-2.20304
-1.97272
-2.10889
-2.05153
-2.10967
-1.99190
-2.01311
-1.98438
-1.93970
-2.05803
-2.11386
-2.16243
-1.96359
-2.14577
-2.10980
-2.01166
-2.00338
-2.08640
-2.09599
-2.06522
-1.97163
-1.86739
-2.05795
-2.01659
-2.16707
-1.98621
-2.06185
-2.06050
-2.06066
-2.09675
-1.92043
-2.05130
-2.10317
-2.04294
-2.09614
-2.03821
-2.02284
-1.99522
-2.04911
-2.02460
-1.98599
-2.07765
-2.04456
-1.84967
-2.06363
-2.01759
-1.93441
-2.10676
-2.08099
-1.95754
-1.99074
-2.07508
-2.07867
-2.07691
-2.01143
-2.05706
-1.98287
-2.03316
-1.96621
-1.94153
-2.02079
-1.99648
-2.05656
-1.98579
-2.05048
