-0.30471 -1.28639  1.05553 -0.23178 -0.14701
-0.89028  0.79808  0.06925  0.69140  0.15577
 1.39471  1.37199 -0.55725 -0.46030 -1.14826
-1.52941  0.07454  1.18250 -1.46919  1.23749
 0.14225  0.52798 -0.94734  0.58213  0.90415
-0.98058 -0.52377  0.37412 -0.30297  0.00240
 0.69379  1.31160 -1.09612  0.98099 -0.62606
-0.37632  0.76354 -0.45353 -0.98556 -0.89286
 0.24143  1.24980  0.79269  0.76715  0.86178
 1.33521 -0.59326 -0.30605 -0.16297 -0.97694
-1.12304 -0.41042 -0.01219  0.38240 -0.29181
 0.40638 -1.51306  0.42777 -0.40323 -1.11210
 0.28340  0.00248 -0.49407  1.11332  0.73077
-0.69970  1.43047 -1.12742  0.67785  0.95667
-1.30462 -0.49071  0.68064 -0.64583 -0.86664
-0.40540 -0.14124 -0.96760 -1.20286 -0.21212
-0.97462 -0.47407  1.46191 -1.07631 -0.03543
-0.08472 -0.87953 -1.38442  0.11060  0.14154
 0.29378  1.49536 -0.46080  0.05725  0.96859
-1.29962 -1.03109 -0.97727  1.06546 -0.45090
-1.05944 -0.07851 -0.87962 -1.01311 -0.71534
 0.70353  0.08857 -0.17198  1.29800 -1.14724
 0.31088 -0.42411 -1.47881  1.30902  0.79973
 1.33440 -0.52009  1.14382  0.72783  0.56803
-1.15571  0.18779  1.10149  1.22374  0.89546
-1.22693  0.85670 -1.00263 -0.83370 -1.08276
 0.42501  0.79274  1.07741  1.14005 -1.36563
 0.05046  0.27317 -1.20617  0.40200 -0.64381
-0.24828 -0.90341 -1.38142 -0.06930  0.73218
-0.48164  0.33987 -0.10842 -1.04428  0.28991
 0.39698  0.38912 -0.06453  0.37479 -0.03801
 1.36362  1.26934  0.26964 -0.28459 -0.16529
 0.52462 -1.11223  1.07371  0.73170  1.10826
 0.01107 -0.97917 -1.10500  0.69920 -0.53541
 0.95226  1.14973 -0.93805 -1.37273 -1.20614
 0.70061 -1.33269  0.57967  1.51984 -1.01191
-0.50794 -0.89502 -0.25672  1.56157 -1.37887
-0.18085  0.15544  0.20176  0.96972  0.48194
-0.00120 -0.50181  1.34149 -0.17453  1.04472
 0.85497  0.99064 -0.41533 -0.23769 -0.94394
-1.25040  0.91300 -0.06755 -0.37056  1.04400
-0.16336  1.17418  0.91361  1.24351 -1.55686
 0.90272  0.46100 -1.31721  0.31762 -0.59044
 1.10732 -1.18531  1.20067 -1.41638  0.45009
 1.15727 -0.96450 -0.47987  0.28976  1.04886
-1.04650  0.26311 -0.38041 -0.56778  1.37590
-1.22056  0.10446 -0.88164 -1.55126  0.83954
-1.56761 -0.56892 -0.14831  1.48666  1.43425
 0.86684  0.54083 -0.62122 -1.18635  0.71374
 1.32233 -0.17384 -0.05084 -0.03424 -0.98987
 1.56836 -0.76245 -1.36614  0.22243 -1.08826
-0.57731 -0.33186 -0.85002 -0.09523 -0.55195
 1.30587  0.87922 -0.69639 -0.92635  1.24305
 1.17440 -0.65129  1.35384  0.95827  1.16068
-0.08780 -0.04927 -1.17414 -1.33991  0.83761
 0.44407 -1.42251  0.90482 -0.65760 -0.38937
 0.56521 -0.39159 -0.76217 -1.46504 -1.00024
 1.35616 -1.32623 -1.57053  0.18810 -1.52120
 0.01487 -0.74983 -1.50169 -0.95362  0.26372
-0.46634  1.05960  0.49170 -0.29792 -0.41965
-0.67368  0.71203  0.26512 -1.52535  1.14250
 0.71820  0.14373 -0.55071 -0.54847  1.40491
 0.89410  1.24938  1.32698  1.45924  0.72146
-0.43964  0.41127  0.43374 -1.19718 -0.79446
 1.55310  0.08317  0.21891 -1.18812  0.28745
 0.00412 -1.16518 -0.38386 -1.36335  0.55983
 1.55955 -1.07648  1.51630 -0.25227  0.29563
 1.23697 -0.83987 -0.11742  1.08667 -0.64381
-1.06300 -0.14270  0.27349 -1.45458 -1.55727
-0.89845  1.28172 -1.20489 -0.05040 -0.81553
-0.48476  1.52542  1.40157 -0.34365 -0.93026
-0.18894  0.21037  0.25827  0.76455  0.36206
-1.26562 -0.53116  1.25257  1.28699 -0.61842
-1.37010 -0.26184  0.82782 -0.68663 -1.51768
 1.29208  0.02992  1.37537  0.13102 -1.16525
-1.55915  0.35501 -1.39592  1.01884 -0.69648
 1.25228 -1.05315 -1.45523  0.22578  0.57644
 0.86875  1.00730 -1.45922 -0.75466 -0.93666
-0.26521 -1.44744 -0.07778  0.26205  0.39989
-1.08964 -0.70252 -0.59553 -1.42877 -0.73362
-0.31947  0.82520 -0.59762 -1.23419 -1.00207
 0.67729 -0.11416 -0.10293  0.40015 -1.24074
 0.60782 -0.71408  0.24091 -0.02477 -0.11996
 0.83314  1.27148  0.11055  1.29096  1.24016
-0.66465  0.91467 -0.36342 -0.82038  0.79662
-0.05445  0.63590  0.27857 -1.27046  1.22952
-0.93377 -1.05476 -0.53790 -1.45412 -0.74628
 0.83439 -0.71342  1.36327 -1.09122  0.49810
 0.90718  0.00414 -0.91829 -0.36887 -1.15210
-1.04909 -0.16829 -1.07439  1.26363  0.59023
 0.30669  0.97883 -0.17612 -1.31753 -1.30653
-0.31894  0.19706  0.72935  0.43032 -0.17220
 1.38660  0.31930 -1.38243 -0.65234 -0.28391
 1.29963  0.71181 -0.69476  0.26697  0.81810
 0.85974  1.27780  0.75214  1.05829  0.52478
 0.37121 -0.71201  0.14238 -0.37278 -0.21535
-0.95868 -1.41630  1.08224 -0.56308  0.02708
 1.32674 -0.88595  1.16110  0.04992 -0.32304
 1.45369  0.64079  0.13269 -1.54980 -1.12549
-1.13583  1.39995  0.10961 -1.17779  0.58739
