-2.17208
-2.10467
-2.16036
-1.76247
-1.93417
-2.30302
-2.17595
-2.48231
-2.07276
-1.92602
-2.34580
-2.28734
-2.10968
-2.12391
-2.24478
-2.29286
-1.93484
-2.01751
-2.11887
-1.95453
-2.12755
-2.24837
-2.08444
-2.23813
-1.94998
-2.27381
-2.25221
-2.28520
-2.16259
-2.16731
-2.39670
-2.02046
-1.95727
-2.28960
-2.31914
-2.15896
-2.17134
-2.08658
-2.23121
-2.15131
-2.33427
-2.17313
-2.06675
-2.03836
-2.46647
-2.29225
-2.44522
-2.38723
-2.11726
-2.22787
-2.08196
-2.19463
-2.18167
-2.19411
-2.02581
-2.19598
-2.14624
-2.21784
-2.21533
-2.13439
-2.31186
-1.79240
-2.31203
-2.07691
-2.07234
-2.17530
-2.02759
-2.13235
-2.22433
-2.01233
-2.11663
-2.24235
-2.08949
-2.23380
-1.93527
-2.16664
-2.27585
-2.27646
-2.04970
-2.09577
-2.09623
-2.35293
-2.11069
-2.41661
-2.28837
-2.23838
-2.13337
-2.00018
-2.34388
-2.41646
-2.04895
-2.18041
-2.27113
-2.07705
-2.40448
-2.01112
-2.18498
-1.96235
-1.94380
-2.44416
