 0.50522  0.78134
-1.47938 -1.18170
-0.99229 -1.32535
 0.82105 -0.32171
-0.17363  1.54633
 1.51238 -0.97793
 1.38840  1.11062
 1.28966  0.08967
-1.38087 -0.64906
-1.39785 -0.23377
 0.09406 -1.48982
-1.40927 -0.38190
 0.85001  0.51774
 0.27925 -1.19715
-0.73315  0.96433
-0.23877 -1.25543
 0.04160 -0.69014
-0.80922  0.06685
 1.08905  1.14897
-0.47148 -0.63211
-1.50184  0.53967
 0.00268 -1.11055
 0.61735 -0.82952
-0.77184 -0.77767
-0.59375 -0.92052
-1.07948 -1.36221
-0.15399  0.19903
 1.28947  0.58212
 0.49814 -0.81704
-0.26463 -0.66880
-1.47082 -0.51944
 1.56415  0.02699
-1.07367 -0.84427
-0.96874  0.70546
 0.73567 -1.16700
 0.74550  0.68794
-1.16440  1.27513
-0.38112  0.97617
 0.16701 -0.88925
 1.26312 -1.47545
 1.38845  0.61320
-1.42830 -1.43730
 0.23979 -1.30919
-0.23354  0.24266
 0.87898  0.75521
-0.39529 -0.81075
 0.10856 -0.51778
-1.41931 -0.01880
-0.27228 -0.37738
 0.50135 -0.52941
-1.11923 -0.73599
-0.00682  0.96519
-0.31672 -0.68129
-0.56063  0.47035
 0.51044 -0.43019
-0.91399  0.87781
 1.15371  0.70432
 0.74061 -0.52311
-0.48315 -0.26069
-0.23782  0.37307
 0.27506 -0.76428
 0.91125 -1.47505
-1.41561  1.15904
 0.38032 -0.89480
 0.12378  1.11640
-1.55587 -0.57200
-1.40612  0.07523
-1.35267  0.87021
 0.60139  0.32936
 0.45693  1.45843
-1.42759  0.34950
-0.68609  0.57335
 0.46721 -0.00982
-1.02489  0.95643
-0.31144 -1.03851
 0.10565 -1.20569
 0.91610 -0.33934
 1.45294  0.93859
 0.02191  1.16630
-0.38737 -0.34532
 1.43207  0.67304
-0.64713 -1.10397
-1.28976  0.43947
-0.76186 -0.84841
 0.16853  0.08338
-0.66446 -0.11122
 0.64967 -1.08517
-1.11190  0.95150
 0.47579 -1.15743
-0.23588 -1.49604
 1.11564 -1.36721
 1.32773 -1.15692
 1.38925  0.50403
 1.14070 -1.50045
-1.28899  1.40164
 0.75513 -0.99295
 1.29155  1.34753
-0.49144 -0.37713
 0.22296  1.06469
-0.39857 -0.49272
