-0.70337 -1.35215 -1.31611 -1.56706
-1.13383  0.32472 -1.50807  0.49613
-0.04865 -1.24180  1.38611  1.30734
 1.55032 -0.02257 -1.31622 -1.55111
 0.96228  1.34086  0.96792 -0.51346
 0.72750  0.72259  0.42938 -0.72251
 1.21604 -0.83699 -1.09080  0.69445
 0.78276  0.61225  0.29182  0.92346
-0.66706 -0.84682  1.10590 -0.06531
 1.22653 -0.74286 -0.83820 -0.56727
-0.79674  1.55201  1.48231  1.32255
 0.57732  0.71051  0.91443  0.26636
-1.44105  0.75653  0.41146  0.24979
-0.61632 -0.93233  1.19897  1.55432
 0.74927 -0.52911  0.24228  0.46682
 0.21791 -1.47217  0.09235  0.15057
 1.21588  1.18423 -0.46928 -1.21219
-1.37195 -0.27898  0.07006  1.16973
-0.85256 -1.11297  0.04623  0.32629
-0.55543 -1.52902  1.25417  0.28159
 0.06324  0.13031 -0.74096 -0.62869
-0.66939  0.31428  1.33187  0.67593
-0.00289 -1.15642 -0.63830 -0.72421
-0.14629 -1.23558 -0.98313  1.54595
 0.58581  1.52246  0.13764 -0.37618
-0.05480  0.18503  0.60927 -0.16636
 0.33162 -1.22031 -0.86334  1.47954
-0.90050 -1.35808 -0.43167 -0.41433
 0.33819 -0.89246  1.44761  0.77733
-1.23417  1.34253 -0.85457  0.68962
-1.23492 -0.23365  0.72263  0.24005
-1.35120  1.55040  1.02208  1.03711
 0.03722  0.19237 -1.39361 -1.45829
 0.31755 -0.13860  0.90353 -0.56312
 1.44740 -0.21251  1.31178  0.88917
-0.52722  1.54425  0.93212 -0.39673
 1.32919  0.37983 -0.32226 -0.51557
 0.74144  0.64895 -1.37315  1.00153
 0.07043  1.27274 -0.95671  0.50402
-1.39499  0.05337  0.17279  0.76945
 1.16802  0.72447  1.00369 -1.13953
 0.79354 -1.57021  0.38614 -1.47170
 0.84754  0.08967 -0.53422  1.09224
 0.92894 -1.33882 -1.50232  1.46680
-0.35397  0.67508 -0.89106 -0.13554
-1.52903 -0.96062  0.52744 -1.05264
 0.54356 -0.32322  1.05738 -0.18812
-0.48998 -1.48732  0.78127  0.69002
-1.51152 -0.73748  0.80525  1.29765
 0.29132  0.65156 -0.80397  1.48031
 0.79763  0.26555  0.55934 -1.05552
-0.76735 -0.35920 -0.60953 -0.94736
-1.39104 -0.92046 -0.83217 -0.36770
 0.67107  1.54717  0.46467 -0.67738
-1.06502 -1.24279 -0.59287  1.30229
-0.29351 -0.22444 -0.70684 -0.21988
 0.73303 -0.94357  0.73007  0.16238
 0.42330 -0.24225 -1.04404 -0.01894
 0.11973 -1.15203 -0.55751 -0.03075
-0.26750  0.06932 -0.44018  0.47111
 1.17289 -0.71841  0.89803  0.35094
-0.51984  0.93013  1.51030  0.31374
-0.13153  1.38156  1.43000  1.30470
 0.46712 -0.19069 -1.03183 -1.20604
-0.32679 -0.32764  0.36241 -0.88745
 0.80253 -1.54034 -0.81741 -0.86463
-1.03629  0.89000  0.20989  1.34633
-1.55497  0.70805 -1.09910  0.40350
-0.84737 -0.79012 -0.26733 -0.90834
 0.50888  0.13759 -0.68454  0.59488
-0.97851  0.44940  1.04047 -1.43335
 0.70202 -0.89453  0.62168 -1.02435
-1.17035 -0.69614  0.06172  0.26473
-0.39018 -0.16021  1.07061 -1.38616
-1.40628 -0.12911  0.67884 -0.64213
 0.91955  0.36773 -0.62850  0.18749
 0.32593 -0.98242 -1.03365  1.20751
 1.39020 -0.36608  0.25892  0.55201
-0.09448 -1.51025 -0.13229 -1.52115
-0.37112  0.45813 -1.29716 -1.50885
-0.26852  1.42955 -0.29997  0.25393
 1.20952  1.52731  0.47428  0.11382
-0.72732 -1.17558 -0.90515 -1.49434
-0.04584  0.09146 -0.31155 -0.38789
 1.50466 -0.73633 -1.18567  0.71893
-0.15955  1.19953  0.84735  1.27599
 1.56022 -0.74327 -1.54124  1.53901
-0.99467  1.33275  0.96584  0.45835
 1.29307  1.56650  1.43351  1.39024
 1.12597  0.15209  0.33000  0.03754
 0.03749  1.08622 -0.25304  0.54427
 0.10623  0.92597  1.15915  1.19017
-1.26638  0.87192  0.61054 -1.22035
-0.82509  1.34439 -1.12325  1.53080
 1.02811  0.38666 -0.09186  1.43986
-0.18080 -0.76625 -0.77390 -0.21045
-0.54385 -1.29513  1.03119  0.69089
 0.80209 -0.95480 -0.29642  0.48273
 0.00985  0.60558 -1.13162  0.27127
 0.93940  1.21691  1.25786  0.98175
