-2.04558
-2.04557
-2.04558
-2.04558
-2.04557
-2.04558
-2.04558
-2.04557
-2.04558
-2.04558
-2.04557
-2.04558
-2.04557
-2.04557
-2.04557
-2.04557
-2.04557
-2.04557
-2.04557
-2.04557
-2.04557
-2.04557
-2.04557
-2.04557
-2.04558
-2.04558
-2.04557
-2.04558
-2.04558
-2.04557
-2.04558
-2.04558
-2.04561
-2.04561
-2.04561
-2.04562
-2.04561
-2.04561
-2.04561
-2.04562
-2.04561
-2.04561
-2.04562
-2.04562
-2.04562
-2.04561
-2.04561
-2.04562
-2.04562
-2.04562
-2.04561
-2.04561
-2.04561
-2.04562
-2.04561
-2.04562
-2.04561
-2.04561
-2.04561
-2.04561
-2.04562
-2.04562
-2.04561
-2.04561
-2.04560
-2.04560
-2.04561
-2.04560
-2.04560
-2.04561
-2.04560
-2.04560
-2.04561
-2.04561
-2.04561
-2.04561
-2.04560
-2.04561
-2.04560
-2.04561
-2.04561
-2.04560
-2.04560
-2.04561
-2.04561
-2.04561
-2.04561
-2.04561
-2.04560
-2.04561
-2.04560
-2.04561
-2.04561
-2.04561
-2.04560
-2.04561
-2.04559
-2.04559
-2.04560
-2.04560
