-1.70681
-1.75734
-1.84164
-1.82241
-1.70588
-1.68222
-1.68257
-1.76532
-1.80497
-1.67224
-1.70370
-1.85607
-1.80811
-1.70921
-1.71610
-1.71473
-1.73941
-1.70542
-1.76181
-1.77140
-1.72130
-1.67515
-1.79521
-1.77689
-1.68715
-1.82143
-1.73390
-1.63895
-1.73493
-1.84651
-1.68603
-1.72344
-1.72511
-1.67118
-1.79857
-1.76940
-1.65949
-1.78156
-1.70932
-1.81544
-1.76686
-1.75670
-1.68036
-1.71095
-1.80828
-1.73908
-1.77108
-1.81726
-1.79385
-1.71659
-1.71890
-1.81081
-1.77689
-1.75527
-1.75262
-1.78849
-1.78303
-1.85336
-1.77733
-1.74691
-1.72025
-1.78946
-1.81353
-1.72672
-1.72204
-1.87511
-1.77809
-1.77862
-1.77206
-1.70204
-1.72447
-1.79853
-1.82524
-1.78436
-1.71954
-1.77671
-1.78826
-1.72316
-1.75282
-1.71202
-1.70565
-1.76545
-1.72583
-1.70372
-1.82192
-1.78493
-1.73987
-1.81750
-1.79249
-1.68746
-1.67786
-1.72166
-1.75169
-1.73537
-1.86165
-1.73774
-1.77491
-1.72679
-1.67142
-1.67340
