 0.10843
-1.29099
-1.06436
-0.27834
-0.55234
-0.94987
-0.39811
-1.39691
-1.02201
 0.00103
 0.96956
 0.85202
 1.35547
 1.02764
 0.15971
 1.41477
-1.16085
 0.47011
 0.23511
-1.36673
 0.16528
 0.35191
 1.33083
 0.30725
 0.74172
 0.47769
-1.40677
-1.01921
 0.62508
 0.17700
-0.67898
 0.27970
-0.75736
 0.04462
-1.45978
-1.04968
 0.63149
-0.48639
 1.32460
 1.43690
 0.57002
-0.32593
 0.18027
-1.22448
 0.69127
 0.07947
 1.51336
 1.39799
 1.33849
 0.62426
-1.26857
-1.50856
 0.82640
 0.83261
-0.96479
 1.10706
 1.27504
-0.00057
 1.38495
-0.64416
 0.81728
 0.74826
 1.18345
-0.38577
-0.33137
 0.13350
-1.48503
 0.88113
 0.35526
 0.40302
-0.92251
-0.09746
 1.17458
 0.17794
 1.06321
-1.21840
 0.12859
-0.19706
-0.49737
-0.89935
 0.15906
 0.94830
-0.74630
-1.30119
-1.28453
 0.23364
 0.86622
-0.98517
-0.93604
 0.24649
-0.75511
 0.77793
 0.29641
 1.12704
 1.41103
 0.38815
-1.19219
 1.17150
-0.06551
 0.56265
