-0.28627 -0.85459  0.46525 -1.01074 -0.10788  0.45578
-0.38392  0.07245 -1.19606  0.27700  0.21629  1.50208
-0.67739  1.06481 -0.34424 -0.21541 -0.04180 -1.45171
 0.66831  0.06597  1.53446 -1.40687  0.12241  0.33740
-0.80415 -1.43673  0.15876 -0.06432 -1.54504  1.29144
 1.25062 -0.14630  1.42481  1.28527 -0.54481  0.74014
-1.00181 -1.50353  1.36115  0.69040 -1.12315 -0.78981
 1.28330  0.65157 -0.75374  1.49760  1.13913  1.02944
 1.50829  1.04082 -1.22107  0.35547 -0.09304  0.03573
 0.19924  0.78692 -1.24894  0.81477  0.63424  0.96993
 1.25652 -0.17963 -0.08167  0.35252 -0.29948  1.06902
 0.33216 -0.88821 -0.72148  1.20880 -0.36100  0.57470
 0.33011 -1.54826 -0.38778 -0.68436 -0.27073 -1.34436
 1.43091 -0.00216 -1.09770  1.46828  0.08946 -1.40912
-1.33390  0.63056 -0.43828  0.18795 -1.31716  0.96328
-0.18043 -0.44251  1.20701  0.14965 -0.18596 -0.47352
 0.04511  0.44126 -0.79625  0.03724 -1.24830  0.82794
-1.43402 -1.30063  1.47586 -0.05402 -0.51422 -1.08198
 0.55412 -1.47107 -1.25987  0.66306  0.98899 -0.09160
 1.02494 -0.96501  0.00399  1.18320 -1.16482 -0.62030
-0.40930  1.56145 -0.69161  0.52725  0.16356 -1.07066
 0.65300 -1.42183 -0.68630  0.36498  1.37964  0.55895
 1.52622 -0.25292  0.72940 -1.49552 -0.48752 -1.27096
 1.30999  0.79665  0.95772 -0.49986  0.22776 -0.77268
-1.54677  0.46534  0.23145  0.65082  1.01497  0.70625
 1.24020 -1.38608 -0.53152  0.59533 -1.28921  0.30956
-0.11548 -0.09661 -0.13388 -0.62447  1.53270  0.44540
-1.04049  1.19213  1.07303 -1.10900 -0.73113 -1.06617
 1.25998 -1.56780  0.55014 -0.64302  1.31969  0.54896
-1.13169 -0.22175 -1.19993  0.94910 -1.00091  0.26941
 0.11678  1.00205 -1.20088 -0.32691 -0.31204 -0.42427
 0.56481  0.01335  0.12177  0.51763 -0.50534 -0.42473
-0.72456  1.43549  1.53483 -0.51757 -1.26911 -0.32664
-1.19455  0.78091  1.11752 -0.27892  1.39233  0.16764
 0.28506  0.71141 -1.42040 -0.25059  1.48040 -1.30181
 0.45350 -0.59487  1.32790 -0.38886  0.41386  0.73712
-0.61873  1.36866 -0.83335  0.31883  0.68816 -0.31798
 1.24314 -1.51354  0.89191 -0.16667  0.61371  1.46431
 0.69625  0.38132  0.26487  1.08988  0.68811 -0.47940
-1.33358 -0.40063  0.17999 -0.89284 -0.46282  0.23832
-1.50035  0.34882 -0.20861  0.19461  1.33088 -1.24915
-1.51697 -0.33181  0.27067 -0.37902 -0.33321 -0.34330
 1.05377  1.13650 -0.76074  0.29004  1.47189  1.03507
-0.16296  1.16214 -0.76566  1.02017 -1.44482  0.86976
 0.62729 -0.68513  0.27933  0.20441 -1.42503 -1.26367
-1.52360 -1.21901  0.44107 -1.26914 -1.08068 -1.35272
-0.08455  1.14750  1.05867  0.82382  1.09818  0.81451
 1.08752 -1.11948  0.57438  1.25358  0.93830 -0.00480
-0.27439  1.40678  0.99452  0.75510 -0.65768  0.16589
 1.10420  1.46153 -1.23516 -0.58009  0.52215 -0.96656
-1.16766 -1.45472  0.88505 -0.82838  1.40221 -0.86492
 0.20700 -0.68347  1.44783 -1.53846 -0.18942 -0.25799
-0.53634 -0.26592  1.19607  0.33339  1.16416 -0.05597
-0.11073  1.46497  1.16340 -0.92881  0.65781  1.55162
-0.53903  0.26273  1.03385 -0.20877  1.49902 -0.31847
 0.33541 -0.20032 -0.00868 -0.52451  0.54524 -0.07410
-0.25100 -1.26052 -1.18088 -1.07229 -0.83076 -0.76698
-0.52660 -0.91967  0.82309  0.81465  0.26713  0.48192
 1.03532 -1.22544  1.21339 -0.00990 -0.78286 -1.19219
 0.73514  0.44728  0.89717  0.12097 -0.83272 -0.99836
-0.89351  0.86296  1.36257 -0.21147  0.35138 -0.06092
-0.43451 -0.01153  0.41370  0.14206 -0.92340  0.94830
-0.27953  0.40191 -0.44996 -0.71828  0.88574 -1.04739
-1.22027 -0.82314 -0.58534 -0.32811 -0.10967 -0.62346
-0.10425  1.46913 -0.56709  0.53244 -0.08210 -0.06091
 0.76357  0.66303  1.07072 -0.23686 -0.86788 -0.65708
-0.66971  1.21072  0.91361  0.59892 -0.14619  1.23855
 0.17680  1.40968 -1.42977  1.55251  1.53275 -0.79261
 0.39730  1.22263 -0.22713  0.71491 -0.55856 -1.19861
 0.51760 -0.32419  0.13177  1.39629  0.43025 -1.17543
-1.22956  0.22186 -1.02436  1.12624  0.94182 -1.42660
 1.55368 -1.52392  0.20132 -1.54295 -0.68131 -0.60737
 0.50919  0.42419 -0.20019 -0.46753  0.16072 -1.51264
 1.33168  1.22133 -1.11779 -1.41312 -0.97782 -0.22350
-0.27068 -1.23640 -1.48442 -0.67808 -0.49241  1.22786
 0.72073  1.44736 -1.26155  1.43638  1.01272  1.17702
-1.27344 -0.49293  1.17772 -0.21260 -0.37719 -0.68222
 0.66091 -1.24727 -0.24650 -1.34280 -0.79031  0.92358
 1.16682  1.43335  0.11971  1.02130  1.42803 -1.51907
 1.55875  1.29595  0.26585  0.26106 -1.55758  0.33081
-1.36302  0.41811  1.07143 -0.79295 -1.46187 -0.41297
-0.82324 -0.73754  0.31800 -0.23038  1.16890 -1.04332
 1.08670 -0.61368  0.14383 -0.04487 -1.18917 -0.95844
-0.60560 -1.08573  1.11833 -1.35799 -0.22400 -0.87793
-0.51022  1.51437 -0.49928 -0.05220  0.45909  0.34203
 1.41441  1.20934 -1.38325 -1.24139 -1.00185 -1.24027
-0.69523 -1.39428  0.11516  0.18270 -0.47181  0.03527
-0.10682 -1.24922  0.58924  1.45966 -0.11304 -0.15332
 1.33453 -0.79029 -0.67513 -0.28475  0.29728  0.35045
-0.50553 -1.20542 -1.23161 -0.82355  0.80539  1.22450
 0.38156 -0.61525  1.39271  1.02665 -0.86479  0.79808
 1.52011  0.80446 -0.94778 -1.35658  0.40102 -0.04535
 1.05727  0.47509  1.29143  0.84484  0.56990  0.48521
-0.93052 -0.02205  0.97641 -0.19331 -0.16328  0.03407
 0.53169  0.93492 -0.21667  1.52883  1.37519 -0.01444
 1.13885  1.28103  0.56179 -1.13800  1.25384  1.01875
-1.51301 -1.48192  0.88266 -1.29254  0.92423  0.29201
 0.83511 -0.92171 -1.38304  0.66612  0.77646 -0.99056
 0.33476 -1.33124  1.18890  0.69694 -0.74733 -0.61523
-0.03094  1.14447 -0.27265  1.16536  0.58058  0.45245
