-2.14573
-2.17648
-2.20180
-2.28284
-2.07588
-2.22088
-2.42529
-2.22792
-2.09129
-2.23699
-2.06473
-2.15581
-2.31925
-2.25902
-2.25178
-2.17212
-2.22525
-2.22458
-2.18930
-2.28231
-2.32447
-2.07443
-2.27602
-2.08205
-2.02230
-2.10955
-2.28500
-2.19243
-2.05096
-2.13141
-2.18987
-2.17118
-2.17130
-2.15157
-2.04866
-2.20586
-2.30617
-2.18968
-2.24836
-2.23224
-2.33351
-2.03618
-2.23540
-2.22559
-2.14930
-1.97826
-2.06051
-2.12286
-2.33780
-2.26158
-2.16106
-2.16207
-2.23439
-2.23205
-2.21656
-2.22738
-2.19280
-2.07137
-2.37632
-2.30016
-2.24994
-2.25658
-2.23349
-2.26991
-2.00689
-2.12470
-2.26570
-2.33451
-2.04802
-2.37225
-2.24627
-2.11048
-2.04492
-2.24545
-2.12336
-2.12881
-2.09703
-2.26498
-2.15185
-2.18510
-2.20259
-2.25095
-2.16974
-2.07082
-2.25383
-2.19851
-2.28460
-2.14495
-2.06769
-2.19103
-2.19366
-2.33479
-2.15312
-2.14934
-2.11499
-2.35214
-2.15788
-2.20703
-2.16627
-2.13766
