 0.86342 -0.57084  1.32123  0.93807 -0.70579  0.17965  1.43993
 0.58409 -1.01250 -1.53572 -1.12153 -1.27426  1.36142  0.69736
 0.93471 -0.29591 -1.46180 -0.86833 -0.18707  1.26440  0.42570
 1.08177 -1.21842 -1.35356 -0.55118  1.39609  0.94594 -1.03116
 0.22868  0.05889  1.54260 -0.90968  0.84349  1.28493 -1.37989
 1.15147  0.10424 -1.07583  1.26278 -0.09156 -0.97699  0.06927
 0.77320 -1.43355  0.45666 -0.87731 -0.60967  0.57049  1.03188
 0.81053 -0.21994  1.43546  0.01196  1.27530 -0.56803 -1.21056
 1.43463 -0.06717 -0.87365  0.02446  0.28458 -1.18997  0.03488
 1.40652  1.32403  0.44397  1.38611 -1.17379  1.22112 -0.91549
-1.23891 -1.36768  0.95190  1.22463 -1.33425 -0.13984  1.40097
 1.21134  1.09484 -1.20034  1.26559 -0.73094  0.93959  1.34957
-0.98303  1.17323 -0.28565 -1.17122  0.84172  0.30443  0.05282
 1.40617 -1.03686 -1.26926  0.01560 -0.93937  0.77758 -0.49717
 0.28159 -1.45620  0.88489  0.31255 -0.66043 -1.22500 -0.19866
 1.53905 -1.01458 -0.32527 -1.19305  0.11653  0.77604  1.07846
 0.67310  0.54926  0.14311  0.77066 -1.07658  0.72659  0.86983
-0.75688 -1.05366  0.00548  1.11762  0.25633  0.80028 -0.77393
 1.19432  0.18106 -0.93664  0.04071 -1.51797  1.28637 -1.45156
-1.26327  0.84338  0.16115 -0.34300 -0.22936 -0.22935 -0.33449
-1.20141  1.07334  0.45308 -1.43804  0.34192  0.21159 -0.37379
-0.85244  0.14942  1.02097  0.37851  1.53580  0.53496 -0.48792
 0.45251  0.10357 -0.36744  0.65041 -1.32272  0.92685 -0.46690
-0.93554 -0.55648  1.12259  0.67868 -1.17445 -1.26268  1.29129
 1.21257  1.02891  1.36905  0.39397  0.85190  0.27240  0.92345
-0.91058 -0.39651  0.42208  0.29028  0.02799 -0.64890 -0.66794
 1.54957 -1.42471  1.17989 -0.71139 -1.41659  0.82234 -0.94294
 0.90297  0.16842  1.12214 -1.16267  0.11333  1.08350  0.71441
 0.05334 -1.29496 -0.69906  0.74523  1.19677  0.73538  0.25230
 1.45101  1.23883  0.44234  1.20064  0.90535 -1.36680  0.73448
 0.76366  1.20343  1.19364  1.24820  1.37241  0.29249  1.30368
 0.95681 -0.48814 -0.88847  0.56610  0.16807  1.56536  0.88889
-0.13328  0.76943  1.02187  0.10698 -0.11483  0.25643 -0.02479
 0.66361  0.54564 -0.71560  1.25059 -0.38276 -0.73295  0.81595
-1.49636 -0.03268  1.53485  0.72521  0.46056  0.34267 -1.51565
-1.25935 -1.08223 -0.03666 -0.98518  0.60065  0.70483 -1.35895
 0.98638  0.25138  1.49363 -0.54657 -0.05768  1.32913 -0.01282
 0.26401 -0.33750  0.95872 -1.01577 -0.90216  0.45461 -1.31852
 0.51647  0.07692  0.24646  0.15141 -1.25999 -1.06077  0.35336
 1.50448 -0.08208 -0.33286  0.89007 -0.55989  0.01375 -0.50921
-0.26891 -0.12587 -1.39180 -0.91744  1.53814  1.41459 -0.20382
-0.47677 -0.25893 -0.20670 -0.65291  0.29423 -1.15060  0.74145
-1.03810 -0.23572 -0.27361 -1.08463 -0.35237  1.00409  0.36149
 0.37620  1.56138 -0.98149  1.34975 -0.11670 -0.12213 -0.38303
-0.21002 -0.71203  0.97218 -0.30518  0.66504 -0.99282 -1.49320
-1.48461  0.40854 -0.33058  0.74751  1.35960  1.22297 -0.07112
-0.01837 -0.87718  0.03991  0.52945  0.37675  0.98807  1.10813
 0.64085  0.63153 -0.73055  0.91769  0.07040 -0.67251 -1.14074
-0.61115  1.18249  1.17374  0.92006  0.16387 -0.44390 -0.07943
-1.12708 -0.99050  0.42187  0.81538 -1.55111  0.30458  0.69369
-1.10461 -1.25260 -0.81730  0.44917  0.68770  0.47816 -1.47147
 0.34080  0.99284 -0.51068 -0.93280  0.28343 -0.00349  0.77749
 0.10624  0.33177  0.95066 -0.64568 -0.20793 -0.30766  0.42534
 0.46953  0.43808  1.13358 -0.88894  0.71420  1.04839  0.17423
 0.21194 -1.03167 -0.93703  0.37122 -0.69652 -0.76784 -0.91124
 0.44607 -0.84597  1.33152 -0.69794 -0.53232  1.53228  1.08698
 1.51582 -1.49559  1.53351  0.81510  1.20857 -1.55874  0.58996
 1.55672  1.20504 -1.02746  1.41846  1.35686 -1.01217  0.78309
 1.48586  0.73575  0.84596  0.80818 -0.56813  0.95824  0.53616
 0.53297  1.10770 -0.00812  0.22344 -0.30503  0.78415 -0.47148
-0.01171  0.20848 -0.08415  1.53813 -0.48847 -0.84658 -1.27496
 1.34577 -1.05994 -0.05332 -0.43535 -0.89463  0.11834 -1.39823
-1.43062  0.76531  0.80171 -0.17932 -1.26011 -0.13841 -1.34721
-0.76074  0.04617 -1.12742 -0.50117  0.09312  1.33813  0.51150
-0.96058  0.61715  0.45947 -0.91064 -0.17692 -1.48633 -0.14368
 0.58142 -0.94945  1.06550 -0.67810  0.51106  0.10799  1.04438
 0.88953  0.78997 -1.50165 -1.43714  0.12626  1.35240 -1.18036
-0.36649  0.55750 -0.26944  0.61577  0.17882  0.30932  0.54340
 0.63022 -0.72923  1.01963 -0.51828  0.58862  0.82135 -0.85428
 1.18943  1.28692 -1.00104 -1.08029 -0.14869 -0.19843  1.45788
-0.53177 -1.27258 -0.33367 -0.26666 -0.15025 -1.02568  1.18819
 0.84097  1.17913 -0.50176  1.29273  0.53114  0.44233 -0.16219
-0.44574 -0.41094 -1.48137 -0.96123 -0.10011 -0.64974 -0.88935
 0.07863  1.04067  0.60298 -0.82232 -1.28841  0.44114 -0.53461
-0.42752 -0.48256 -0.59892  1.33730 -0.05838 -1.23037 -0.78402
 1.09263  0.77065 -0.80628  0.77655 -1.28985 -0.72384 -0.66996
 0.70139 -0.66702 -1.11302 -0.59608  1.50219 -0.14004  1.25802
 1.56474  1.12271 -1.10266 -0.78782  0.19242  1.13619 -0.30044
 0.28580  0.82362  1.42534 -0.77515  1.16309 -1.19803  0.53193
-0.66843  1.54077 -0.39047  0.47785 -1.52769  1.29290  1.56781
-1.10045 -0.28182  0.35182  0.60705 -0.73122 -0.08182  1.11304
-1.46100  1.11084 -0.89363 -1.48791  0.66021 -1.25709 -0.11969
 0.96247 -1.06629 -1.48935  0.66725  1.44120  0.48120  0.15643
 0.83868 -1.47621  1.32104  0.88431 -1.24113 -1.22893  0.52928
 1.21953  0.46580  1.14538 -0.16827 -1.08755  1.39670  0.00524
-0.98550  0.73002  1.46804 -0.69495  1.07412 -1.27624 -0.83711
-0.32052 -0.59313 -0.31447  0.64519  1.13051  1.45994 -1.12169
-1.48596  0.04587  0.09116 -0.71547 -0.30580  0.43471  1.51492
-0.57610 -0.72183  0.13627 -0.01852 -1.24879 -0.43901 -0.09550
-0.89151  0.11117  0.81457 -1.35720 -1.48209  1.12902 -1.49406
 0.25721 -0.68834  0.62250  1.12023  0.14514 -0.07200 -1.02341
 0.63170 -0.47399 -0.34190  0.46644  1.56861  0.28507 -0.14077
-1.18297 -0.82769  1.54154  0.66995  0.43915  1.23132 -1.07343
 1.46657 -0.57242 -0.99234 -0.26747 -0.60840  0.32774  0.89501
-0.65782  0.15826  0.43641  1.21846 -1.09262  0.18847 -0.55931
-0.09890 -0.99222  0.93227  0.65789  0.54108 -0.47672  1.10254
 0.00120  1.51556 -0.98539 -0.29421  0.50643 -0.16914 -0.55971
 0.47294  0.29661 -1.03634  0.41235  0.89859 -1.01991 -1.00184
 1.22433 -0.70864  0.36502  0.12917 -0.74691  1.07335 -0.17156
 0.53126 -1.56100  0.15895  1.53431 -0.79142 -0.55032  0.65327
