-16.65407  20.46627  12.15346 -15.03159  11.08042  7.94427 -11.03725
-13.53422 -1.51574  2.77673  5.56347  14.25333 -1.68292  4.77288
 5.32633  9.46005 -23.93065  13.44474 -3.10062  9.34269  9.51343
 14.78930 -17.23795 -3.50687  22.63652 -20.55539 -20.27781 -14.07749
-22.94752  9.47323  10.63590  27.42934  9.48967  0.09962  12.45890
-22.98479  0.02289 -14.45484 -19.68077  18.83235 -12.50432  6.35243
 2.11285  3.16386  4.37646  8.52524 -21.95474  6.35748 -6.36603
 14.82179 -9.36833 -1.97855 -0.87399 -15.78292 -9.32822  15.81427
 11.63069  6.32680  13.77722 -8.52156 -0.07101  28.14799  3.05162
-7.26062 -4.66180  12.22576 -28.90453  14.22859  7.73960  4.76815
-16.66151  7.90134 -22.35623  10.14865 -7.96532 -20.30485  23.62742
-10.39983 -15.67458  1.25429 -25.99797 -6.25795 -12.48608 -15.78134
-0.96652  3.17023  7.49305 -11.75911  15.74347 -9.52286  3.23183
-7.28367 -15.67208 -30.17629  10.33281 -40.87088 -18.93197 -12.63309
 5.36303  1.63793  5.92066 -19.52465  4.59094 -14.24493  10.91915
-4.08247  14.16665  9.08160 -8.77057 -7.93392  4.80620  36.14938
-4.07877  22.02965 -23.91499 -22.84364  6.22593 -15.54077  0.15379
-4.12452  7.89341 -19.16630  10.07083  11.09218  1.68189  7.81133
-13.48614  4.77634  18.46058 -13.27765  7.76828  7.73730 -4.76202
 14.68059 -9.40001 -5.02703 -10.24704  12.53601  15.79740 -18.76636
 11.70828  3.20563 -1.97012  19.70616 -6.35324  6.15522 -9.54485
-4.03838  9.46488 -8.26187 -16.57534 -15.66362 -18.71715  6.18200
-13.58196  0.02064 -5.05918 -5.47481  6.31106 -0.10996  0.06887
-19.83005  15.76761  16.94721  4.01582 -6.21939  9.31680 -6.17738
 30.46494  7.88016  2.77019 -3.83027 -17.36466 -1.65765 -17.29470
 14.77895  9.48300 -5.06691 -0.91704  6.32379  12.68506  9.30612
 30.39778 -17.26062  2.81469 -6.99787  17.35043 -4.77460  20.43788
-4.21049  4.71598 -6.61320 -14.97075  14.19060 -20.37024  17.28275
-4.09952  11.07957  12.19513 -15.02608 -10.85817 -13.99953 -7.94176
 5.33229  6.34172  1.20635  10.28590 -18.91097  9.31382 -3.26684
-16.73350  9.44255 -17.66425  8.57839 -18.85888 -9.40462  6.32757
-22.98437 -10.96291 -0.35373  3.88671  4.80734 -17.17262  14.08637
-16.68855 -4.67267 -12.91092 -18.11530  7.75606 -1.47191 -23.50425
-16.69722  14.17963 -31.76545  3.83526 -14.06526  7.92441 -11.02624
 2.17037  11.02982 -3.48286 -5.57092  4.82150  17.36594 -4.78024
-16.68353  17.30513 -6.66392  0.68391 -7.91466  7.88642 -7.82824
 2.16691  9.48386  7.49189 -0.89307  0.09356  12.65491 -3.24004
 2.14326  7.89238 -6.63283 -5.57194  7.76430 -7.74547 -10.93386
-4.21074 -3.11573 -11.32590  14.88667 -6.34084 -3.05100  6.35357
 14.71877 -3.11796 -1.90191  5.44356  15.68869  9.50353 -21.90075
-16.67353 -18.82399 -11.36313 -0.85548  15.79660  3.24757 -0.06504
-26.14242  3.17814  23.22651 -11.68255 -0.06365 -6.37965 -9.52261
 2.20340  11.05051 -3.52618 -18.21831  29.93054 -7.75255  1.50667
 27.32444  12.58458  7.48727 -16.56456 -9.47693 -12.47469  3.21743
 2.16036  7.88988  2.83116 -5.61025  1.69708  1.68274 -1.61371
-19.79528 -14.08510 -9.79704  21.31429  4.63334 -4.78675 -7.86249
-10.43068  0.02114  16.91559  18.07496  6.28824 -6.24713  0.09250
-0.94398  11.04146 -0.34828 -3.86872 -20.31232 -20.50501 -4.68105
 14.74241  14.17981  24.77174  0.69073  26.61036  23.65960 -10.93299
-10.44483  0.03746  20.08912  11.70475  15.75475 -3.05793  6.18623
-7.22867  0.04060 -8.22073  4.01897 -3.09471 -0.07919 -9.34141
 5.39694  7.89216 -25.50928 -6.92823 -1.65613  4.59236  17.23807
 2.22371  6.30141 -1.93834  11.66328  12.52460  18.93254 -25.01210
-0.92774  7.90391  5.93225  5.57556  10.86330  10.86216  10.95080
 21.00414 -15.66694  1.24083  14.83269 -6.33546  22.06103 -6.21794
-10.39850 -1.55334 -9.76619  22.69828 -4.77452  1.63986  1.59625
-7.24434  6.34181 -27.04211 -11.68969 -15.78520  3.00462  6.19019
 2.19532  1.64109 -16.03307  13.22401 -4.58202 -17.13330  4.63087
 2.16562  12.60302 -14.44568 -4.01780  18.87927 -9.32058  9.32893
 30.44247  9.45993  4.35359  7.11762  18.82837  6.22875 -9.49160
 11.63911  0.05030 -11.33451 -11.62973 -6.23263 -0.10073 -6.17950
 2.14290 -7.83220 -12.92467  22.76342 -10.93797  17.32425  10.96068
-7.27709  9.44557  20.05509  10.28808  9.41012  25.08553  6.20010
-7.33387 -4.70092 -19.19413 -0.70543  4.65252  10.92500 -1.57851
 8.44556 -12.54413  4.35989  14.90722 -12.54416 -9.36548  21.89187
-0.91753  9.47181  4.35651 -30.50239  31.34488 -0.15028 -3.24332
 11.59009  12.59159  16.90757 -2.29215 -9.40821 -31.49336 -3.04538
 2.23054  7.90317  2.75486 -8.68095 -7.97246  4.82197  36.18845
-1.01075  3.17304  20.07975 -2.23636  3.12032 -6.36952  6.19299
 33.59017  15.72765  13.73373  2.27579  18.83718  9.49066 -12.47614
-0.98144 -17.23337 -25.49503 -0.69893 -1.65948  10.91547  4.68775
 36.73576 -15.65516  10.63149 -11.68531 -6.34883 -18.95597 -3.24732
-13.56439  23.58326 -6.66630 -3.90319 -7.76270 -14.19740 -10.97458
 33.61778  7.88373  27.90337  13.26812  7.93565  14.23755 -1.63543
 30.49512 -3.09470  10.65440 -5.37202 -0.06337  6.18903 -3.24104
 8.44402 -17.22630  15.34951 -11.88781  1.66427 -4.61741 -14.18194
 24.21555  7.89339 -0.36736 -13.25227 -1.67731 -14.27229 -7.93497
-19.82602  4.76493 -6.58692  2.47854  17.39172  17.17004 -4.67633
-22.88782 -10.95506  5.89214  13.28280 -11.10362 -7.74128  7.89913
-13.44920 -10.94240  12.17291 -16.44712  7.97798 -23.69142  4.77231
-13.55153 -1.53376  27.91777 -3.88214 -1.64614  1.48997 -20.47975
-0.96195  9.44475  7.51913  7.15353 -15.70503 -9.49056 -15.62437
 8.43760  9.48314 -11.34003 -10.27876 -6.34096  15.79846 -12.47948
-0.93831 -15.66502  10.65780 -5.42227  18.81588 -6.36529 -15.80066
 2.26796 -15.62672  7.44905  8.54097 -6.38280  22.16119  12.70231
-0.85354  0.06557  26.31670 -5.41665  18.94816  12.40208 -6.14821
 5.30226  20.47089  5.94924  5.51002  17.15678 -7.96935  4.65162
 11.62536  18.87073 -33.37808 -27.40074  3.14937 -12.61866 -21.93024
 2.17900  6.33103  10.66779  21.11197  12.60786  9.57712  9.29955
 5.38811  15.74086  13.72883  4.05799  9.38432 -12.67775 -25.24066
 11.60568  18.87793 -8.23043  13.45337 -3.20246  2.99164 -12.69797
 2.17007  1.61984 -0.33450  3.83143  11.09758 -10.86895  1.52675
-4.09366  3.18437  10.63499 -7.11174 -15.74755 -28.19560 -21.89246
 8.49512 -20.36951  2.77032  6.96441 -7.73904 -1.44877 -11.05000
 8.48732 -1.52163 -9.78601 -14.97958  7.74933 -17.17485 -10.91578
-7.21848 -25.08759 -11.38597  0.88420 -25.08494 -12.65915 -6.19902
-4.04776  17.30478  5.86844  6.97526 -7.96889 -10.87673  17.32758
-10.38156  1.62990  2.76133  10.13999  4.59972 -20.32384  29.89585
 5.33683  20.46910  27.90824 -19.50931 -20.31380  1.49505  14.16741
-19.81438 -10.92525  5.94237 -0.75261  17.15738 -7.95491 -26.77807
