-0.68716  0.50075 -0.89969  1.24131  1.17608  0.49363 -0.38447  0.33150  1.21660  1.33160  0.91088 -1.53123 -0.46975  1.54857 -0.62476
 0.09384 -0.94857 -1.28270  0.94803  0.54123 -0.90580 -0.18223  1.23694  1.49358 -0.15275  0.77070 -0.99896 -1.51583 -1.40994  1.53826
 1.56992 -0.59580  0.97362  0.99317 -0.89143 -0.74876  0.90163  0.89729 -0.67181 -1.49319  0.63586 -1.51525 -1.48457 -0.02813 -0.84673
 0.83458 -0.40107 -0.98950  1.35173 -0.77566 -0.99754  0.67531 -1.42096  0.41319 -0.98569  1.56361  0.05400 -1.11427  0.77585  0.92605
-0.90146 -0.27990 -0.36136 -0.75563  0.66485 -1.30647  1.40151 -0.27071 -0.59143  1.21153 -0.97042  1.28294 -0.82073  0.08132  1.35330
-0.41967  0.49199 -1.19223 -0.44371  1.53690 -0.88987 -1.38261 -1.35271 -0.93474  1.20971  1.41104  0.52160 -1.15343 -0.54132  1.30765
 0.10277 -1.18099 -0.62566 -0.63371  0.32530 -0.69464 -1.30799  0.09555  0.71855  0.77536  0.37598  1.05762 -0.63560 -0.76300 -0.48844
-0.05710  0.87510  1.48028  0.92641  0.14256  0.15791 -1.16974  0.50452 -0.39971 -0.15982 -1.01360 -0.48758  0.69425 -1.20908  0.54851
 0.57311  0.79824  0.39153 -0.66815  0.99805  0.54526  0.14718  0.08440 -0.55003 -1.19064  1.47941 -0.88056 -0.25915  0.51603  1.47003
 1.22651  1.42589  0.29749 -0.43378  0.59994  0.12828  1.02056  0.48446  0.24302  0.45422  0.49934 -0.85077 -0.28885 -0.08596 -0.27255
-0.40017  0.10837 -1.25566 -0.18064  1.07518 -0.40866  0.19069  1.07001 -1.19170 -0.70382 -0.35069  0.60541 -0.17437 -0.65915  0.13072
-1.35098 -1.04896  1.49508  0.01639  1.22677  0.88289 -0.56291 -1.52165  0.30814  0.08609 -1.28999 -1.32648 -0.94564 -0.39811 -1.11698
 0.65262 -0.92830  1.18276 -1.38789  1.13591  1.38020 -0.51220 -1.55985  0.10853  0.99898  1.14303 -1.31078  0.15450 -1.04716  1.31530
-1.02387  0.59272 -1.01487 -1.25756 -1.37810 -0.38010  0.02027  1.22585  0.31725  0.32710  0.33420  0.09033 -0.10872 -0.59150 -0.01037
-0.42553 -1.05521 -0.52735 -0.58215 -0.55318 -0.95714  0.41809 -0.19106  1.21329  0.67686 -0.03852  1.14300 -1.03412  0.47925  0.68504
-0.40459  0.85352 -1.06640 -0.84198 -0.59016  0.41573 -0.64718 -0.55482  1.35067 -0.50545  0.58963  0.28152  1.50490  0.48325 -0.76914
-0.11031  0.08418  0.34342  0.09091  1.51838 -0.05707 -1.50737 -0.17769 -1.20454  1.15817  0.69125 -0.40033 -1.13614  1.49862 -0.72524
-0.60518 -0.07662  1.44975  1.33006 -0.96573 -0.75957  0.27969 -1.21922  0.30957 -0.70030 -0.94014  0.81485  0.24268 -0.48888  0.67949
-1.24200 -0.31900  1.52232 -0.65143 -1.28255 -0.39265  0.35879 -0.14727  0.34546 -0.22493 -1.10065 -1.05765 -0.12008  1.13757  0.31125
 0.53701  0.02387  0.17697  1.50203 -0.35855  0.94602  0.64421  0.93862 -0.26012  1.41133 -0.64782  0.02336 -1.16463  0.58955  1.26062
-1.23474 -0.14253  1.36488  1.24123  1.06283  0.74916  1.52935 -0.49793  0.34310 -0.85836 -0.16183 -1.25884 -1.06721 -1.02591 -0.37905
-0.43784  1.12301 -1.07407 -1.49423  0.70044  1.51084 -0.28164  1.53177  1.09263 -1.08545 -0.48140  1.12676 -0.34662  1.35545 -1.55627
-1.13169 -1.20619  0.21433 -0.98257 -0.48590  0.82504 -0.36383  1.31217 -1.14757  1.07818 -0.57005 -1.20933  1.42076  1.21594 -1.17419
-0.06575  0.00626  1.17772  0.49309 -0.52808  1.13067 -0.34032 -1.45860 -0.82101  0.56615  1.04636 -1.03255 -1.49438  1.04340 -1.31140
-1.41807 -0.44009 -1.55252 -0.17877 -0.22169 -0.62597  1.32370  1.04654 -1.27886  0.92977 -0.15387  0.38349 -0.31744 -0.95040  1.04174
 1.08467 -1.16974  0.40067 -1.43429 -1.11300  1.45944  0.90052 -1.29266 -1.29314  0.59097 -0.90049  0.73795 -0.08742  0.16681 -0.42989
 0.27820  1.48588  0.53529 -0.06793 -1.42664  0.60019 -1.20072  0.97072  0.69226 -0.81415  0.74484  0.59631 -1.45265 -1.30936  0.03043
-0.29438 -0.48876  0.25495 -1.12617  1.38345  0.85552  0.63353  1.43962  0.67741 -1.18781  0.08176  1.34750 -0.46487 -0.86856 -1.51446
-0.91293  1.02915  1.31880 -0.52486 -0.79407  0.01070  0.76471  0.05452  0.22642 -0.52904 -0.84258  0.70077  0.55230  0.14568 -0.06796
 0.99454 -0.14101  0.54976 -0.21626  0.06170 -1.37592 -1.14308  0.27241  0.21414 -1.31282  1.28269  1.49172 -1.39397 -0.04227 -1.24374
 1.47488  1.48017  0.13509  1.40927 -1.29517  1.23019 -0.73391  0.49969 -0.21140 -0.39707  0.49439 -0.01102  1.45659  0.84499 -1.05106
 0.30006  1.51333  1.08723 -0.51587  0.14208  1.54627  0.40860 -1.00009  1.52761  0.37719 -1.01222 -0.12806 -0.31265 -1.24684 -0.18759
 0.92704 -1.09115  0.76689  0.64950 -0.79543 -0.48724 -0.82486 -1.13063 -0.77504 -1.03826 -0.52833  0.68094 -1.14421  1.09501  1.50544
 0.26648  0.58298  1.48192  1.18883 -0.36939 -0.31996 -0.16429 -0.10137  0.98907  0.39056  0.24321  0.20002  1.36702  0.97656  0.08585
 0.21409  0.54783 -1.31656 -1.24670  1.44324 -0.24913  0.84053 -1.11519 -1.34762 -1.50671 -1.00488 -0.68448 -0.30020  0.29396 -0.01947
 0.30636  1.14521  0.90053 -0.83822 -0.92525  1.44547  1.29763 -0.36135  1.09416  0.40469  1.47687 -0.03457 -0.92759 -0.10088 -0.85996
-0.03147  1.27063 -1.24390 -0.03242  0.09823  1.30782  1.00282 -0.79267  0.73609 -1.14964  0.35144 -0.29088  1.21703 -0.97019  1.18604
 0.98253  0.80133 -0.75096 -1.41505  0.33269 -1.20986  1.05462  1.26899 -0.74371  0.11912 -1.12304  0.77717 -0.56327 -1.50573  1.39855
-0.62529  1.37463 -0.89242  0.88455 -0.79733  1.37780  0.65239  1.45624 -0.83151  0.83516 -1.12537 -0.13866  0.22584  1.49066 -0.66594
 1.57012  0.46105 -0.16457  0.93548  0.24643 -1.19720 -1.43792  0.48791  1.39153 -0.50860 -0.82264 -1.07810  0.75035 -1.18620 -0.75464
-1.52368 -1.38736 -1.03982 -0.51340  1.11699  1.02845 -0.59536 -0.60937 -0.40413  1.48062 -0.25875  0.17164  1.26247  0.44322 -0.29165
-0.26902  0.91459 -1.13678 -0.72150  0.55673 -1.41632 -1.14597 -0.40918  0.97944 -0.12492  1.18330 -1.52258  0.64625 -0.37243  0.61236
 1.51801 -1.56393  1.17646  1.26177 -0.61282 -0.88286  1.09458 -0.81444 -0.82310 -0.12437 -1.02907 -0.94129 -0.43100 -0.21530 -0.52516
-0.39164  0.55221  0.28266  1.21186 -0.97779  0.75390 -1.15875  0.51065  0.48929  0.73382  0.35179 -0.57784  0.13969  0.91997 -0.75997
-0.13431  0.95705  0.39739 -0.45704  0.75028 -1.09072  0.89437 -0.00360  0.52309 -1.36244  0.11888 -0.67170 -0.94676 -0.13928 -0.99274
-1.29205  1.11467 -0.07067  0.95786  0.87849 -0.98247  0.92496  0.26370 -0.80905 -0.73353  1.55979 -1.15566 -0.01889  0.72198 -0.83192
 1.54248 -0.67879 -0.88708 -0.82801 -0.31610  0.80760  0.88502 -0.43469 -0.61842  0.88596 -1.23952  0.97709  0.16671  0.44810  0.93357
 0.28815  0.05395  0.82869 -1.34979 -0.96336 -1.08330 -1.14449  0.70673  0.37486 -1.30907  0.66528 -0.96846  1.53578  0.86635 -0.13457
-0.60787 -0.42539  1.44568  0.22343  0.97259  1.38179  0.49935 -0.17461 -1.37666  1.47573 -0.06290 -1.23058  1.56685  0.57365 -0.81629
 0.68363 -0.10455 -1.39640  0.70984  1.09225  1.54096 -1.52073 -1.15263 -0.16185 -1.48586  0.56699  0.14001  1.09974 -0.60743  0.91214
-0.68210 -0.71492 -1.25788  1.14632 -0.28999  0.88300  0.61569  1.55254  1.29367  1.04897 -1.06570  1.43266 -1.19931 -0.07444  1.18475
 0.94344 -1.50193  0.21216  1.37983 -1.54458 -0.73987 -1.06621  0.54019  0.55580 -0.57600 -0.87922 -1.00177 -1.06581  1.36994 -0.93530
-0.39124  1.00541  0.73632 -0.51557  0.60568 -1.10345  1.13949 -1.44152  0.01073 -0.05938  0.85410 -0.51944 -0.75420  0.99300  0.86002
 1.15789 -1.41888 -0.99371  0.38317  1.23639 -1.16041 -0.13526  0.80163  0.26662  0.43356  0.98292 -0.23807  0.02990  0.86709  0.84739
 0.28076  0.59281 -0.65102 -0.42427  0.53148 -0.74689  0.93677  1.52533  1.30700  1.53708 -0.23439 -0.95720  0.76353  0.82081  1.38203
-0.19233  1.40232 -1.12190  1.25519 -0.94553 -0.27448  1.28574  1.39392  0.01099  0.62418 -1.30978 -0.01373 -0.06278  0.25388 -0.64504
 1.15023  1.12904 -0.61899 -0.93666 -0.85216  1.00545  1.55925 -0.72888 -1.00883  0.86494  0.83177 -0.94744 -1.02042  0.59316 -0.18031
 1.10439  1.08517 -0.12250  0.81393 -1.24626  0.98699  0.11218 -1.17906 -0.13377  0.68778  0.32749  1.18255  0.35586 -1.49726  1.54659
-1.39424  0.37895 -0.16146 -0.78657 -0.11341  1.08005  0.92316 -0.63790 -0.59143  0.63433 -0.58712  1.01557 -1.05900  0.99612 -0.26627
-1.03451 -1.16124 -0.89693  0.41239 -1.49655 -0.37898 -0.37132 -0.28094  0.58187  0.69490 -0.56837  0.93334  0.28843 -0.47925 -0.80210
 0.03003  1.07291 -0.72945  1.33530 -0.45985 -0.80409  1.50653 -0.49498 -1.05308 -1.04548  1.41466 -1.37099 -1.27792  0.68673 -1.26954
 0.53013  0.20987 -0.13213  0.85189  0.30388  0.35586  0.38010 -0.43182 -0.68296 -1.29321 -1.42006 -0.04750 -0.99096  0.51898 -0.47386
-0.39196 -0.75411  0.45149  0.58628 -0.86221  0.13506 -0.24405  0.54247  1.53246 -1.27921 -0.49630 -0.82616 -0.28717  0.63234  0.51062
-1.04942  0.23177  1.08203 -1.00831 -1.37485  0.41798 -0.45151 -0.56195  0.43660  0.41015 -1.22752 -0.86246  1.09349  0.65111  0.02918
-0.94977  0.78676 -0.45552  1.52683  1.14111  0.16300 -1.49213  0.43856 -0.95053  0.84638 -0.68803  0.90100 -0.21814  1.38502 -1.06576
-0.30901 -0.66828 -0.82563 -0.02409  0.44009 -1.18068 -0.83778 -1.42931  1.51956  0.99209  1.09872 -1.32073 -1.00790  1.55468  1.21704
-1.44901  1.21543  0.64876  0.46389 -0.01867 -0.79666  0.23921 -1.31512 -0.61516  0.27989 -0.83153  0.78401 -0.02887 -0.00882  1.21286
 0.95017  0.65541 -1.26718  1.24687  0.32472 -0.57520  1.05382 -0.83593  0.78335  0.13944 -1.15177  0.74958  0.28172  0.13852 -1.28071
 0.90326 -1.31419 -0.41498  0.93250 -0.83502 -0.27378  0.57487 -0.61031 -0.84895  0.84363  0.53561 -0.95396  0.09908 -0.24883  1.42962
 0.82940  0.50011  1.49668 -0.24301 -1.24823  0.92993 -1.49548  0.20740 -0.83288  0.10485 -1.52002  1.24661  0.99887 -0.44815 -0.97904
 1.15754 -0.32220  0.81282  0.44871 -1.21542  0.62725  0.55697  1.42551 -0.28930 -1.51688 -0.51862 -0.46496  1.24428  1.40484  0.40509
 0.47397 -0.05314  0.32753  0.16803  1.52562 -1.52457 -1.04815 -0.62140  0.71884  0.10891  1.06734 -0.80381  0.84587 -1.31173  0.42052
 0.94904  0.16120  1.02847 -1.33450  1.30280  1.33852 -1.43121 -1.47063  0.26664 -0.01133 -0.89172 -1.18819  1.06107 -1.42677  1.32694
 0.72225  1.15322 -1.12607 -0.57344  0.69741  1.14666 -1.28833 -0.50003 -1.20184  1.25510 -0.18644 -1.27039 -1.19912  1.20125  1.56316
-0.54002 -0.78795  0.70483 -0.48591 -0.43957 -0.89222  0.80695 -0.68834 -0.08056 -1.17947  1.03754  0.49393  1.23470 -1.16832 -0.76775
-0.06279  0.25395  1.18266 -0.59887 -0.21832 -0.58596  0.19761  1.03118 -0.71663 -0.43396 -0.31666 -1.15100 -0.54808  0.12477 -0.81912
 1.13321 -1.28701 -0.81617  0.36010 -0.02892 -0.55846  0.35499  0.77629  0.92129 -0.79724  0.96568 -0.58843  1.39951 -0.90158 -1.39560
 0.10580 -0.63799 -0.32981  0.38061 -0.17183  0.64026 -0.84368  1.54732  0.52687  1.05827 -0.51434 -1.10943  0.68980  0.66915 -1.47976
-1.03659  1.05522 -0.25583  1.51824 -1.49076 -0.89488 -0.49100 -0.37456  1.14568 -0.25083 -1.16172  0.60610 -1.56568  0.70190 -0.54114
-0.49757  0.90600  0.16732  1.46382 -1.51394  0.00268 -1.23528  1.42714  1.39668 -1.08116  0.33309 -1.45104  0.23106  0.90785 -0.39570
 1.52287 -0.93064  0.49083 -0.42812  0.47833 -1.48824  0.40710  1.14156  0.30101  1.18180 -1.29686  0.90218 -0.26664  0.19815 -0.27468
-1.23820  0.32063  0.59364 -0.78687 -0.61094  1.00616 -1.49359 -0.04209 -0.45065  0.98060  1.48839 -1.46416 -0.26605  0.61474 -0.70019
 0.64050  1.20203 -0.18377 -1.44584 -0.72848  0.74797  0.01786 -0.21554  0.24280 -0.31173 -1.05342  0.18683 -1.28316 -1.38736  0.44523
 0.27712 -1.49544  0.39713  0.89950  0.33514 -0.99246 -1.27673 -1.18999 -0.48911 -0.93125 -0.21525 -0.33723  0.34693  0.77935  1.50941
-1.49591 -0.05993 -0.63841  1.44555  1.42963  0.96617 -1.11649 -0.85063  0.40119 -1.38624  1.39104  0.74995 -0.84652 -1.12385 -0.47553
-0.76600  0.86559  0.10628  1.41103 -0.11390 -1.10178 -1.51396  0.61304  0.68966  1.03763 -0.57629 -0.20418  0.00681 -0.03300  0.88496
-0.93110  0.16920 -0.22212 -1.27973  1.27326  0.37455  0.73833 -1.45978 -0.05238  0.54120  1.35979 -0.62153  1.23005  0.55896 -1.45596
 1.53278  1.53452 -1.28782  0.72381  1.27264 -1.18232  0.74653  0.52475  0.33138  0.36558  0.37552 -0.21621  0.31257  0.01510 -0.12303
 0.00984 -0.89626 -1.46382 -0.46828  1.40000 -0.46988 -0.99856 -1.04988 -0.78213 -0.18823 -1.28647 -0.85204  1.02462 -0.75548  0.09106
-1.11116 -0.89283 -0.15709  0.91549  0.44982 -0.75424  0.04540 -1.39433  1.12419 -0.54405  0.20432 -1.21487  0.77433 -1.07809  1.21988
 0.32539 -0.52663 -0.10524 -1.22295 -0.61159  1.31169  0.05652 -0.92662 -1.07384  0.78666  0.28465  0.65415 -0.50069  1.34782  0.14583
-0.43481 -0.96903 -1.16385  1.33228 -1.42204 -0.29064 -0.45844  1.18844  0.91173 -1.52336  0.62455  0.94507  1.53592 -1.21372 -0.49244
-0.60417  0.56886  0.74322  0.18824 -0.13297  1.25761 -0.89358 -0.05196  1.09076  0.94799 -0.96233 -0.03598  1.06903  1.45864  0.60872
-0.78424  0.10494 -1.36246 -0.54563 -0.21389  1.00762 -1.08301  0.70215  1.13971 -0.29774 -1.08051  0.62868 -0.03435  0.76001  0.23012
 1.09486 -0.57188 -0.13633  0.76372  0.06558  0.65664  0.39324  1.49475  0.04003 -0.25034  0.68205 -1.21682 -0.32156  0.36811  1.20618
 1.12082 -0.76910  1.11594  1.21236 -0.87447 -0.67050 -0.56515 -0.49400  1.01162 -0.02611  1.02760 -0.54589 -0.30649 -1.49629 -1.52538
-0.16780  0.02708 -0.71069 -0.41761 -0.16534  0.33387 -0.57673 -0.23796  0.20956 -0.62564 -0.72551  0.06928 -1.22426 -0.36689 -0.94806
-0.24881 -0.60232 -0.83473  1.45113  1.52965 -0.64340 -0.42075  0.87293 -0.14298 -0.56606  0.68109 -0.55624  0.18059 -0.86866 -0.85626
 1.19405  1.56941 -0.94842  1.18023  1.45958  0.90311  0.33707 -0.19567  0.84345  0.52328  0.34755  1.08217  0.53166 -1.06771  0.97469
 0.43238  0.01074  0.61550 -0.92790  0.00571  1.35449  1.49871  1.48348  1.37665 -1.28707 -0.90930 -0.23486 -1.43765 -0.41785 -0.60275
