 0.46933 -0.32875  0.71418  0.54238  0.28115  1.23391 -0.63101
 0.90299 -1.42952  0.87498  1.50958  0.49435 -1.07940 -1.06998
 0.97047  0.82268 -0.45065  0.20351  0.53569  0.96171  0.21598
 0.46055  1.55677 -1.37686 -1.10164  1.55628  1.41603  1.28948
 0.60245  0.80265  0.40131 -0.66877 -0.31727 -0.53002 -0.44906
 0.45984  1.27966  0.80957  0.72434  0.45465  1.03237  1.40428
-1.37261  1.49923 -0.69989 -0.86574 -0.40497  0.00803  0.13051
 0.70520  1.00886  0.30323 -1.13995  0.91247 -0.92347 -0.30546
-0.52266  1.18969 -0.72551  1.48787  1.48138  0.15984 -0.87064
 0.24715  1.34097 -0.70048  0.55229 -0.27486  0.28603  0.01252
 0.49591  1.42240  0.67076 -1.28260  0.19779 -1.41917 -0.58821
-0.99149  0.57616  0.30808  1.43731  0.76343 -1.10276  0.67343
 0.63556  0.54873  0.29943  0.57745 -1.19755  1.22232  1.10622
 1.17040  0.40567  1.02075  0.48181  0.44125 -0.93846  1.55264
 0.26972 -0.24908  0.14652 -0.08732  1.29920 -0.84809 -0.11491
 0.26952  0.80389 -0.41669  0.42356  0.66996 -0.51375  1.31369
-0.58470 -0.37672  0.53151 -1.18873 -1.37312  0.99127 -0.24302
 0.64213 -0.56645 -1.00171 -1.02575  0.16762  1.04705  1.30961
 1.54341  0.52485 -1.10145  1.23934 -1.53645  0.77349  0.74984
-0.13490 -0.03998  0.19633 -0.26084 -0.12156  1.09942  0.41442
-1.42968  0.92391  0.45819  1.26583  0.50810  1.14338 -1.34393
 0.62799  1.27581 -1.19287 -0.97199 -0.63432 -0.31859 -1.21374
 1.11054 -1.20370  0.66110  1.03686 -0.75832 -0.02544 -1.04446
-0.90465  0.60009 -0.62780  1.18948 -1.03008  0.60964  0.66687
-1.26808 -0.61627 -1.22036 -0.40991  0.36384 -1.35079 -1.50265
-0.24170 -1.45507 -1.41664  1.11329  0.10295  0.21557 -1.12990
-1.25171  1.19472  0.89637  1.45508 -1.15493  0.27205  1.50616
 1.42189 -0.60437 -1.53143 -0.54684 -0.58598  0.84444 -0.67838
-0.41269  1.42226  1.22542 -0.78401  1.15279 -1.02388 -0.99148
-0.14684 -0.83969 -1.21670  1.11700  1.19044  0.14364  1.30632
-0.26108  1.13946  0.19784 -1.40869  1.32351  0.00260 -0.57299
-0.95603  0.96710 -0.25356 -1.10128 -0.92934  0.12796 -0.04545
 1.29350  0.31927  1.56151 -0.40327  0.10068 -1.00479 -0.94462
 1.23552  0.45369 -1.44428 -1.01925 -1.36486  0.21238  0.51877
-0.78778 -1.48060  1.15604  0.10508  0.43911  0.88239  0.74930
 1.51950 -1.31148 -1.46786  0.55333 -0.63134 -1.30941  1.03259
-0.75918  0.69141  0.01234 -0.10812  0.39103  0.63985 -0.59082
 0.70810  1.16616  1.49849 -0.06243 -0.15197  0.66208 -1.34805
 0.15994  0.76633  0.18450  1.15243 -1.15876  1.47992  0.67314
-1.01268 -1.47725  0.76493 -0.06771 -1.48284  0.09384 -1.51175
-0.47035  1.26418  1.42135  1.03420  0.55475  0.13180 -0.61848
 1.07342  0.93844 -1.12975 -1.06202 -0.91923 -1.00152 -1.10726
 0.07622  1.33722  1.38041 -0.88318 -1.30264  1.14247  0.97685
-1.36127 -0.06667 -0.93720 -1.43633 -0.53267 -0.55976 -0.42903
-0.67594  0.89932 -1.04451  0.87212 -1.32290 -0.91646  0.30893
 0.50316  0.53002 -1.15422 -0.74737 -1.18729  0.82398 -1.20217
 0.81133 -1.42072  1.56019 -1.17909  1.40401 -1.40994 -0.20525
 0.81295 -1.22480 -0.51551  1.04973  0.05513  0.16663 -1.46169
 0.41584  1.46215  0.50262 -0.00199  0.72744 -0.14758 -1.15578
-1.47716 -0.79868  1.17240 -0.49847  1.22947 -0.24673  1.25845
-0.88064  0.68774  1.19002  0.32774  0.75404 -1.34292 -1.07470
 1.16634  0.24594  0.19853  1.34903 -0.71918 -1.14559  0.30089
-0.65079  0.13847  0.48280  1.13347  1.46058  1.45601 -0.78019
-1.17241 -0.96324  1.25718 -1.04814  1.56341  0.57168  0.02303
-0.42569  0.14418 -1.11292  0.83652 -1.20532 -0.33500 -0.40445
-0.99755 -1.26719  0.29220  0.53231 -0.29849 -0.62550  0.63283
-1.15452  0.75043 -1.22591 -0.42242 -1.12830 -0.06458 -0.79721
 0.49915 -0.19494  1.02116  1.00292 -0.42007  1.53364  0.16262
-1.36651 -1.45263  0.90663 -0.72411 -1.09152  0.34034  0.12651
-0.88647 -1.39970 -1.21994 -0.43071  0.77655  0.35555 -0.13645
-0.31725 -0.77280  0.64010 -1.20707 -0.39164 -0.29693 -0.87466
-1.42689 -0.68956  1.43510  0.01712 -0.80857  0.60227  0.04114
-0.87037 -0.33643 -0.84671 -0.36403 -1.07511  0.08568  1.19778
-0.60848 -0.18867  0.13329 -0.99941  0.67849 -0.11541  1.08973
-0.20757 -1.22863 -0.78849  1.51111  0.03019 -1.33576 -1.26419
 0.18427  0.16049 -0.08048  0.26797 -0.77684 -0.47846 -0.86316
 0.98299  0.68608 -1.03756 -1.07037  0.93887  1.04353 -0.84397
 0.05177  0.17373 -0.72343 -1.21839 -0.54547 -0.19527  0.32475
-0.64427  0.61023 -1.54415 -1.49709  1.45513 -1.36104  0.53796
 0.85571 -0.95113  1.10506 -1.38766  1.27575  1.31173  1.50057
 1.31769  0.20287 -0.12865  0.59222  0.68421  0.18155 -1.47085
 0.94395  0.56683  1.47610 -0.72410 -0.24370  0.36390  1.38123
-0.83738 -0.10528  0.58809 -0.12103  0.11524 -1.25485  1.05686
 0.37670  0.66666 -1.37529 -1.06323  0.83164  1.38099  0.23531
-0.24892  1.14465  1.30392  0.09161 -0.26701 -0.01545  0.74052
 0.35969  0.94696  1.22510 -0.29621 -0.56918  1.19468  1.25423
-1.11618 -0.61034  0.56818  0.72685  0.15669  0.01769  0.26276
-1.00160  1.17113 -0.88920 -0.38989  1.42639 -0.66382  0.61264
-1.18221 -0.54243  1.42832  1.43604  1.12429  1.08409 -1.26190
-1.56362  0.94357 -0.23360 -0.27399 -0.17297  0.96484 -1.30924
-1.52601 -1.03668  0.14836  0.68376 -0.93195 -0.98415 -0.43027
-1.47706  0.77504 -1.42509  0.97785  1.44295  1.44232  0.35735
 0.76665 -0.05062  0.98790 -0.15008 -0.19032  1.12373  1.51582
 0.08100 -1.23776 -0.86824  0.25208 -0.77130  0.93280 -0.82876
 0.18397 -0.25428  0.12057 -0.19448  0.05692 -0.52349 -0.26613
-0.41118  1.13521  0.26212  0.88409 -0.26317 -0.70016 -0.92971
 0.88327 -0.66927 -0.12979  1.08696  0.56841  1.37117  0.70878
 1.40842  1.53320 -0.34363  0.04821 -1.49355  0.54932 -0.88560
 0.83689 -0.60321  1.17000 -0.47578 -0.30516  1.38405  0.76551
 0.82370  0.90542 -1.14831 -0.91080  1.49605  0.38787 -1.46459
-0.54332 -0.34356  0.64401  0.92687  0.13601 -0.47016 -0.69604
 1.47512  1.26450 -0.13872  0.55763 -1.16601  0.56836 -1.22552
 0.68140 -1.15087 -1.16819  0.70464 -1.34908  1.19466 -1.36948
 0.91092 -0.68448 -0.78109 -0.18544  0.07468 -1.04426  0.85008
 0.26663 -0.54130  0.47032  0.55601  0.68981 -1.40167  1.21662
-0.62367 -0.94339 -1.20866 -0.59428  0.85792  1.01759 -0.95882
 1.53905  0.14926 -0.26646 -1.27003 -0.61912 -1.46891 -0.86086
 1.24704  1.05660 -0.47773  0.33382  0.49315 -1.56565  0.39102
-0.79570  0.41602 -0.80530 -0.80578 -1.15712 -0.75886  0.26226
 0.63728 -0.72723  0.72920 -0.69502 -0.45340  1.35597 -0.46509
