-2.21041
-2.21041
-2.21042
-2.21041
-2.21041
-2.21042
-2.21041
-2.21041
-2.21042
-2.21041
-2.21042
-2.21041
-2.21042
-2.21041
-2.21041
-2.21041
-2.21042
-2.21041
-2.21041
-2.21041
-2.21041
-2.21042
-2.21041
-2.21041
-2.21041
-2.21041
-2.21042
-2.21041
-2.21041
-2.21041
-2.21041
-2.21041
-2.21041
-2.21042
-2.21042
-2.21041
-2.21042
-2.21042
-2.21041
-2.21041
-2.21041
-2.21042
-2.21042
-2.21041
-2.21041
-2.21041
-2.21041
-2.21041
-2.21042
-2.21041
-2.21041
-2.21041
-2.21041
-2.21041
-2.21041
-2.21041
-2.21041
-2.21042
-2.21041
-2.21041
-2.21041
-2.21042
-2.21041
-2.21041
-2.21042
-2.21042
-2.21042
-2.21042
-2.21041
-2.21042
-2.21041
-2.21041
-2.21042
-2.21041
-2.21042
-2.21042
-2.21041
-2.21041
-2.21042
-2.21042
-2.21041
-2.21041
-2.21041
-2.21041
-2.21041
-2.21042
-2.21042
-2.21042
-2.21042
-2.21041
-2.21041
-2.21041
-2.21041
-2.21042
-2.21042
-2.21042
-2.21041
-2.21041
-2.21041
-2.21041
