 1.46718 -1.10720  1.45549 -0.61908  1.13878  1.51708 -0.97788
-0.78942 -0.23885  0.37574  0.20882 -0.84699 -0.71638  0.84966
 0.82130  0.88876  0.31583  0.69195 -0.36504 -1.36168 -0.41794
 0.64318 -0.37774  0.68223 -1.02974  0.85516 -0.63379 -0.02911
 0.68019 -0.87026 -0.72539 -0.78370 -0.01912 -0.16980  1.05404
-1.07552  0.62312 -0.09344 -1.44699 -0.33804  0.38671 -0.97152
 0.19726  1.29730  0.20003  1.08605 -0.67105  0.98697 -0.94429
 1.27558  0.45352 -1.27394 -1.10552 -1.15479  1.55622  1.37303
-1.23223  0.28581 -1.05815 -0.43750  1.45702 -0.59213 -0.86378
 1.10655  0.51783  1.22454  0.65083  1.25555  1.43740 -0.76215
-1.40207  0.50711  1.55128 -0.51647 -1.23901 -0.15091 -0.62857
-1.56408  0.17905  0.39961 -1.24485  1.23853 -0.37615 -1.19810
 1.00860  0.56022 -0.82696 -1.11777 -0.24808 -0.13022  0.66588
-1.10758  0.05354  0.03628 -1.00418 -1.51048 -0.90032 -0.77593
-0.77587 -0.26080 -1.04359  0.65587  0.43858 -1.36132  1.26186
 0.11750 -1.11862 -0.31695 -0.30578 -0.06413  1.22434 -1.34478
 0.83661  0.60593 -0.18352 -0.30112  0.89672 -1.47693  1.26350
-0.15570  0.10480  1.53215 -0.88063  1.36550 -0.83037  1.16850
 1.05110 -0.97087  0.63573 -0.76105  0.13054  1.05579  1.11347
-1.43621 -0.12101 -1.52075  1.46684 -0.36765 -1.07606 -0.02139
 1.35475 -0.00960 -1.08800 -0.43150  0.57532 -0.79005 -0.43711
 1.16282 -0.05562 -0.90030 -0.98446 -0.06957  0.98693 -1.41259
-0.66491 -1.30706  0.66445  0.77785 -1.14800  0.18884  0.12073
-0.54469  1.00890  1.49587 -1.27058  1.38023 -0.08778 -1.08733
 1.11692  0.83885 -0.95386 -0.70675 -0.76292  1.33568 -1.47615
-1.55866 -1.23960 -1.09489 -0.77559  0.05510  0.54753  0.16018
-1.09277 -1.36783  0.97879  0.67247 -0.08859 -0.55062 -0.59589
 1.45922 -0.33912 -1.13769  0.00065  1.19945  0.26233  0.69262
-0.55302 -1.13101  1.03221 -0.25488 -0.75743 -1.56095 -0.91178
 1.42503 -1.18618 -0.03067  0.07481 -0.14462  0.74749  1.36633
 0.19434  0.85614 -0.78035 -1.21474  1.04857  0.85215 -0.04500
-1.52466 -0.83321 -1.14341 -1.40058  0.30545 -0.26891 -0.51999
 1.03574 -1.38564 -0.34162 -0.91707 -0.69886  1.01770  1.19166
 1.01507 -0.03038 -1.05160 -1.34621  0.11106  1.37635  1.22516
-0.13505  1.29673 -1.28386 -0.13128  0.08751  1.12304 -0.28721
 1.01584 -0.26804  0.80690  1.32184 -1.31963  0.45503 -0.32035
 1.44469  0.33990  0.92377 -1.48177 -1.27624 -0.55390  0.76339
-0.31364  0.30904  0.84401 -0.33520  1.38595 -0.68092  0.98138
-1.52622 -0.52123  0.73527 -0.20345 -0.31824 -0.80403 -1.39717
-1.23181  0.47691 -1.55807  0.16162 -1.35419 -0.79548 -1.56228
 0.68567 -0.83882  1.31554 -0.78185  1.49908  0.09917 -1.46634
 1.19632 -0.98265 -0.57774 -1.06524 -0.56082 -0.40189 -0.54095
-0.84506  0.89289 -0.11284  1.36911  0.69842 -0.17409 -0.69711
 0.70812  0.40258  1.26183  1.11199 -0.72562 -0.91982 -0.84742
-0.35139  0.74747  0.56181  0.85112 -0.30338 -0.06510 -1.00414
-0.48392  1.40686 -1.49929 -1.14926 -1.44459  0.06777 -0.67321
 0.84101 -0.13287  1.28583 -1.31336 -1.30760  1.55277 -0.00764
 0.00764  1.29255 -1.42865 -1.28151  1.15398 -0.01699 -1.22467
 0.83906  0.47088 -1.56858  1.05567  1.14230  1.19964 -0.41656
 1.21750 -1.44106  0.74879  1.13111  0.19592  1.18850 -0.89765
 1.19915  1.54983  0.06977  1.28483  1.48999 -0.50947 -0.45521
-1.51118  0.61334 -0.67443  0.08165 -0.45818  1.39208 -0.52949
 0.63901 -0.94258  0.16971 -0.04171  1.52760 -0.70003  0.15633
 0.69901  0.14267 -0.39293  0.69501  1.00575 -0.55662  1.01112
-0.50635 -1.04371 -1.54186 -1.50328  0.61907 -0.09790 -1.40483
-1.14673  0.59605  0.84301  1.21054 -0.13280  0.47391  0.42994
-1.13343  1.23987  1.51641 -1.36453  0.19378 -0.33939 -0.92840
-1.42840  1.02523  0.73130  0.13914  0.18060 -0.75517 -0.60118
 0.49590  0.40112 -0.83078 -0.51526 -0.58355  1.07431 -0.07675
 0.75507  1.53582  0.62904  0.45793 -0.37759  0.53866 -1.40136
-0.04492 -1.02964 -1.28091 -0.26675 -0.54877  0.42749  0.66988
 0.98047 -0.19622  0.81542 -0.46471 -0.70656  0.77542 -0.55030
 0.69610 -0.90119 -0.54446  0.68217  0.68912  0.02312 -0.06324
-0.77623  0.95655 -1.28010 -0.98749  1.50639 -0.71615  1.05569
 0.47840  1.46548 -1.17449 -0.63160  1.14948  1.40409  0.42952
-0.57167  0.64510 -1.52691 -1.19383 -1.47315 -1.04486 -0.32939
-0.07638  0.34239  0.85291  0.08732  0.88548 -0.26941  1.23312
 0.38436  0.35456  1.08694  1.20345  0.38995  0.66442 -0.72601
 1.31216  1.54191  0.96977 -0.71755  0.70611  0.00226  0.61954
-1.11655 -0.43052 -0.30515 -1.36561 -0.66289 -1.34491 -0.56163
-0.11295 -0.86508 -0.32843  0.93800 -1.48677 -0.65747 -0.14257
 0.82934  0.99279  0.61681  0.14051 -0.27029 -0.20196  0.41130
 0.22662  0.05404  1.06001 -1.44709  1.26474  0.51921  0.64975
-0.76923 -0.75488  0.22928 -0.76287 -1.13544  0.37578  1.25638
 1.23534 -1.46262 -0.54035  1.46452 -1.55052  0.59825 -1.45040
-0.69566 -1.03952 -0.13023 -0.22315 -0.01361  1.45365  1.39653
 0.79584  0.48364  0.55113 -1.23193 -1.49783  0.09972  0.18287
-1.46260 -1.42984  1.42956  0.23834 -0.41463 -1.26810 -1.14129
-0.55890  0.07372  0.48574 -0.83357  1.02726  0.62311  1.47705
-1.04463 -1.51980  0.86663  1.05669  1.49788 -1.15047  0.06717
-1.36071  0.89531 -0.96357  1.17806 -0.50785  0.09217 -1.26671
-0.34699 -0.57312 -1.51411 -0.68673 -1.55862  0.80154 -1.27186
 1.54219  0.88759  1.33121 -1.05498  0.38565  0.28899  0.32910
-1.00411 -0.10448  0.17725  0.16149 -0.42233  1.21085  1.24901
-1.30251 -1.43444 -0.52385  0.71797  0.19151  0.41093  0.51574
 0.73056 -1.24942 -1.00935 -0.11566 -0.98834 -0.00604 -1.08564
-1.19052  1.23774  0.25838 -0.44641 -0.57439  1.02127  0.24034
 1.24891 -0.20466 -0.57035 -0.97319  1.10133 -1.34136  0.93790
 0.82387  1.01386 -0.90832  1.13643  1.30241  1.45598  0.23412
-1.16692  0.17264  0.77306  0.84121  0.25777 -0.99332  1.47443
-0.20959  0.65051  1.19924 -1.18041 -1.47596 -1.03060 -0.33577
 1.52349  0.21690 -1.05118 -1.20915 -1.02678  1.02180  1.26357
-0.73754  0.40703 -0.80238  0.84797 -1.11955 -0.70486  1.39768
-1.46916 -0.22468 -0.25769  1.40760  0.24982  0.22927  1.46280
 0.30099 -1.22932  0.73552 -1.29548  0.99428 -1.38727  1.48909
-0.69062 -0.86310 -0.29146  0.81123 -0.44641  0.06104  0.45291
 0.48326  1.05809  0.79666  0.99408  0.38108  0.19178 -0.81658
 1.07788  1.33408  1.31618  0.16227 -1.43034  0.57074 -0.33615
 0.95571  1.01056  0.45185  0.89214 -1.49383 -0.85395 -0.31300
 1.20249  1.02655  0.44519 -1.27375 -0.50540 -1.02894 -1.28752
