 2.86083  2.42663
-2.90743 -3.87318
-2.84233 -3.87813
 2.87066  2.40892
 2.88619  2.40557
 2.82216  2.37615
 2.85801  2.43031
 2.88956  2.43199
-2.86821 -3.86150
-2.84603 -3.85915
 2.90444  2.44628
-2.90108 -3.81981
 2.92273  2.42676
 2.86721  2.43617
 2.91914  2.42199
 2.84754  2.35919
 2.90004  2.42013
 2.88562  2.41087
 2.87163  2.45131
 2.88459  2.40583
-3.40819  2.37542
 2.88448  2.43978
 2.91565  2.46178
 2.88190  2.39296
 2.85598  2.40623
-2.85641 -3.85837
 2.91213  2.44834
 2.90930  2.45021
 2.86237  2.37806
 2.83209  2.40852
-2.89010 -3.89668
 2.88580  2.45054
-2.88599 -3.87836
 2.87608  2.41486
 2.88103  2.43066
 2.87009  2.42132
-3.39991  2.43266
 2.89644  2.40803
 2.89867  2.42800
 2.91422  2.44430
 2.88101  2.42056
-2.89490 -3.83712
 2.88283  2.38901
 2.89925  2.41202
 2.85549  2.45238
 2.84526  2.36358
 2.88806  2.41069
-3.40278  2.43056
 2.86604  2.37171
 2.85493  2.43118
-2.86391 -3.85173
 2.89039  2.40724
 2.90889  2.47459
 2.87333  2.44666
 2.88330  2.42712
 2.87430  2.41027
 2.88289  2.45259
 2.87916  2.41188
 2.85226  2.39960
 2.90392  2.45959
 2.90249  2.46073
 2.87520  2.42631
-3.41203  2.39866
 2.88656  2.46152
 2.93559  2.45338
-2.88050 -3.82774
-3.40281  2.43627
-3.38144  2.43852
 2.87499  2.41176
 2.87849  2.43894
-3.39240  2.40477
 2.86707  2.37968
 2.88551  2.41645
-3.42431  2.40163
 2.93061  2.45295
 3.40573 -3.90792
 2.89376  2.41693
 2.86478  2.41300
 2.88593  2.41314
 2.90878  2.40325
 2.90860  2.42517
 2.87122  2.40584
-3.35464  2.43020
 2.88331  2.41212
 2.87384  2.39304
 2.85464  2.42711
 3.40506 -3.89768
-3.38302  2.38988
 3.38279 -3.87255
 3.39079 -3.87602
 3.39794 -3.88849
 3.41364 -3.85361
 2.89822  2.43898
 3.42133 -3.85419
-3.38402  2.42351
 3.38215 -3.81114
 2.95546  2.47650
 2.85524  2.38997
 2.85738  2.42499
 2.92081  2.45381
