-2.03100
-2.24672
-2.08399
-2.11332
-2.18313
-2.12374
-2.24950
-2.18130
-2.04547
-2.07386
-2.20437
-2.22807
-2.10858
-2.19207
-2.23166
-2.11754
-2.07519
-2.16765
-2.14097
-2.20216
-2.01185
-2.11244
-2.17397
-2.08378
-2.18319
-2.26431
-2.24570
-2.10852
-2.19477
-2.16183
-2.09568
-2.22978
-2.09247
-2.28083
-2.12053
-2.07827
-2.16628
-2.24095
-2.13390
-2.21473
-2.29205
-2.03507
-2.27199
-2.18011
-2.05059
-2.16956
-2.22781
-2.26524
-2.13440
-2.13177
-2.19024
-2.16335
-2.00865
-2.09836
-2.25219
-2.08577
-2.21828
-2.08067
-2.01792
-2.13789
-2.23654
-2.14831
-2.10172
-2.02213
-2.18372
-1.98722
-2.07254
-2.21060
-2.11766
-2.16585
-2.14156
-2.10612
-2.00509
-2.06520
-2.17212
-2.06866
-2.21170
-2.26749
-2.21645
-2.28923
-2.00987
-2.23527
-2.23642
-2.26732
-2.20522
-2.17816
-2.10427
-2.15096
-2.06622
-2.13707
-2.06053
-2.10774
-2.16690
-2.07671
-2.08100
-2.18230
-2.29550
-2.08585
-2.04572
-2.23576
